,current_best,run_time,SamplingGrp,SamplingType,ifError,Error,loss,mean,iteration,params
0,0.5743877781034177,5.976125955581665,OVER,SMOTE,0,,0.4256122218965823,0.5743877781034177,0,"{'classifier': {'bootstrap': True, 'class_weight': 'balanced_subsample', 'criterion': 'entropy', 'max_features': 1, 'min_samples_leaf': 2, 'min_samples_split': 15, 'n_estimators': 126, 'name': 'RF', 'random_state': 39}, 'sub': {'k_neighbors': 4, 'random_state': 39, 'smo_grp': 'OVER', 'type': 'SMOTE'}}"
1,0.7661827286699321,22.924685955047607,UNDER,CondensedNearestNeighbour,0,,0.2338172713300679,0.7661827286699321,1,"{'classifier': {'C': 46.96485087493666, 'l1_ratio': 0.13364619733898722, 'name': 'LR', 'penalty_solver': 'l1+saga', 'random_state': 39, 'tol': 0.06156126452606439}, 'sub': {'n_neighbors': 44, 'n_seeds_S': 30, 'random_state': 39, 'smo_grp': 'UNDER', 'type': 'CondensedNearestNeighbour'}}"
2,0.7661827286699321,25.06839108467102,COMBINE,SMOTEENN,0,,0.378767068116179,0.621232931883821,2,"{'classifier': {'algorithm': 'brute', 'n_neighbors': 2, 'name': 'KNN', 'p': 18, 'random_state': 39, 'weights': 'uniform'}, 'sub': {'random_state': 39, 'smo_grp': 'COMBINE', 'type': 'SMOTEENN'}}"
3,0.7661827286699321,37.079872131347656,UNDER,InstanceHardnessThreshold,0,,0.3458040123653072,0.6541959876346928,3,"{'classifier': {'C': 182.09321699445655, 'coef0': -0.6431166564782671, 'degree': 3, 'gamma': 'auto', 'gamma_value': 5.014998094458071, 'kernel': 'poly', 'name': 'SVM', 'probability': True, 'random_state': 39, 'shrinking': False, 'tol': 0.02938836864420138}, 'sub': {'cv': 5, 'estimator': 'gradient-boosting', 'random_state': 39, 'smo_grp': 'UNDER', 'type': 'InstanceHardnessThreshold'}}"
4,0.7661827286699321,37.945576429367065,UNDER,NeighbourhoodCleaningRule,0,,0.24000094457925858,0.7599990554207414,4,"{'classifier': {'C': 5.08942551984533, 'coef0': 0.684989983332086, 'degree': 3, 'gamma': 'value', 'gamma_value': 0.2213917033076236, 'kernel': 'linear', 'name': 'SVM', 'probability': False, 'random_state': 39, 'shrinking': False, 'tol': 0.02492644607204572}, 'sub': {'n_neighbors': 10, 'smo_grp': 'UNDER', 'threshold_cleaning': 0.4535263212899846, 'type': 'NeighbourhoodCleaningRule'}}"
5,0.7661827286699321,38.53815722465515,OVER,ADASYN,0,,0.27428124758727057,0.7257187524127294,5,"{'classifier': {'algorithm': 'kd_tree', 'n_neighbors': 27, 'name': 'KNN', 'p': 4, 'random_state': 39, 'weights': 'distance'}, 'sub': {'n_neighbors': 5, 'random_state': 39, 'smo_grp': 'OVER', 'type': 'ADASYN'}}"
6,0.7661827286699321,38.71637153625488,OVER,KMeansSMOTE,1,No clusters found with sufficient samples of class 1. Try lowering the cluster_balance_threshold or increasing the number of clusters.,1.0,0.0,6,"{'classifier': {'C': 43.2906435494196, 'l1_ratio': 0.3989314382180151, 'name': 'LR', 'penalty_solver': 'l2+newton-cg', 'random_state': 39, 'tol': 0.011267331180967965}, 'sub': {'cluster_balance_threshold': 0.3247795223180144, 'k_neighbors': 3, 'random_state': 39, 'smo_grp': 'OVER', 'type': 'KMeansSMOTE'}}"
7,0.7661827286699321,39.11989760398865,UNDER,OneSidedSelection,0,,0.41075469034973255,0.5892453096502674,7,"{'classifier': {'C': 70.52131238033324, 'l1_ratio': 0.8008285225436481, 'name': 'LR', 'penalty_solver': 'l1+saga', 'random_state': 39, 'tol': 0.03819559801684725}, 'sub': {'n_neighbors': 4, 'n_seeds_S': 10, 'random_state': 39, 'smo_grp': 'UNDER', 'type': 'OneSidedSelection'}}"
8,0.7661827286699321,40.70743107795715,OVER,BorderlineSMOTE,0,,0.4213330326559108,0.5786669673440892,8,"{'classifier': {'C': 110.35590319292216, 'coef0': 0.13699634247661274, 'degree': 2, 'gamma': 'value', 'gamma_value': 4.750614412957225, 'kernel': 'poly', 'name': 'SVM', 'probability': False, 'random_state': 39, 'shrinking': False, 'tol': 0.050396104518115124}, 'sub': {'k_neighbors': 6, 'kind': 'borderline-1', 'm_neighbors': 2, 'random_state': 39, 'smo_grp': 'OVER', 'type': 'BorderlineSMOTE'}}"
9,0.7661827286699321,41.45662522315979,UNDER,EditedNearestNeighbours,0,,1.0,0.0,9,"{'classifier': {'algorithm': 'kd_tree', 'n_neighbors': 47, 'name': 'KNN', 'p': 8, 'random_state': 39, 'weights': 'distance'}, 'sub': {'kind_sel': 'all', 'n_neighbors': 9, 'smo_grp': 'UNDER', 'type': 'EditedNearestNeighbours'}}"
10,0.7661827286699321,41.826606035232544,COMBINE,SMOTEENN,0,,0.30142528506719946,0.6985747149328005,10,"{'classifier': {'algorithm': 'brute', 'n_neighbors': 47, 'name': 'KNN', 'p': 1, 'random_state': 39, 'weights': 'uniform'}, 'sub': {'random_state': 39, 'smo_grp': 'COMBINE', 'type': 'SMOTEENN'}}"
11,0.7661827286699321,42.35451889038086,NO,NO,0,,0.9333333333333333,0.06666666666666667,11,"{'classifier': {'algorithm': 'kd_tree', 'n_neighbors': 13, 'name': 'KNN', 'p': 12, 'random_state': 39, 'weights': 'uniform'}, 'sub': {'smo_grp': 'NO', 'type': 'NO'}}"
12,0.7661827286699321,43.34492468833923,COMBINE,SMOTETomek,0,,0.44574090809333133,0.5542590919066687,12,"{'classifier': {'C': 177.36014730519034, 'coef0': 0.32619305321646364, 'degree': 4, 'gamma': 'scale', 'gamma_value': 3.536746843938304, 'kernel': 'sigmoid', 'name': 'SVM', 'probability': False, 'random_state': 39, 'shrinking': False, 'tol': 0.09646548429662452}, 'sub': {'random_state': 39, 'smo_grp': 'COMBINE', 'type': 'SMOTETomek'}}"
13,0.7661827286699321,44.3837890625,OVER,SMOTENC,0,,0.2869317636832356,0.7130682363167644,13,"{'classifier': {'algorithm': 'auto', 'n_neighbors': 39, 'name': 'KNN', 'p': 17, 'random_state': 39, 'weights': 'distance'}, 'sub': {'categorical_features': True, 'k_neighbors': 6, 'random_state': 39, 'smo_grp': 'OVER', 'type': 'SMOTENC'}}"
14,0.7661827286699321,44.83697056770325,COMBINE,SMOTETomek,0,,0.3067376943704657,0.6932623056295343,14,"{'classifier': {'algorithm': 'kd_tree', 'n_neighbors': 34, 'name': 'KNN', 'p': 3, 'random_state': 39, 'weights': 'distance'}, 'sub': {'random_state': 39, 'smo_grp': 'COMBINE', 'type': 'SMOTETomek'}}"
15,0.7661827286699321,45.07736849784851,COMBINE,SMOTEENN,0,,0.30820137384013324,0.6917986261598668,15,"{'classifier': {'criterion': 'entropy', 'max_depth': 11, 'max_features': 'log2', 'min_samples_leaf': 10, 'min_samples_split': 6, 'name': 'DTC', 'random_state': 39}, 'sub': {'random_state': 39, 'smo_grp': 'COMBINE', 'type': 'SMOTEENN'}}"
16,0.7661827286699321,45.323567628860474,OVER,KMeansSMOTE,1,No clusters found with sufficient samples of class 1. Try lowering the cluster_balance_threshold or increasing the number of clusters.,1.0,0.0,16,"{'classifier': {'criterion': 'gini', 'max_depth': 3, 'max_features': 'sqrt', 'min_samples_leaf': 10, 'min_samples_split': 2, 'name': 'DTC', 'random_state': 39}, 'sub': {'cluster_balance_threshold': 0.3977601118891073, 'k_neighbors': 1, 'random_state': 39, 'smo_grp': 'OVER', 'type': 'KMeansSMOTE'}}"
17,0.7661827286699321,45.4595627784729,UNDER,NearMiss,0,,0.42887451051418224,0.5711254894858178,17,"{'classifier': {'C': 65.08892557350325, 'coef0': 0.5408516611902512, 'degree': 3, 'gamma': 'auto', 'gamma_value': 0.8767137556847678, 'kernel': 'poly', 'name': 'SVM', 'probability': False, 'random_state': 39, 'shrinking': False, 'tol': 0.09277026222942654}, 'sub': {'n_neighbors': 17, 'n_neighbors_ver3': 4, 'smo_grp': 'UNDER', 'type': 'NearMiss', 'version': 2}}"
18,0.7661827286699321,50.03125309944153,UNDER,NeighbourhoodCleaningRule,0,,0.2564045914283245,0.7435954085716755,18,"{'classifier': {'C': 189.82736477222, 'coef0': 0.7537278291600538, 'degree': 4, 'gamma': 'auto', 'gamma_value': 0.9973878196058544, 'kernel': 'linear', 'name': 'SVM', 'probability': True, 'random_state': 39, 'shrinking': False, 'tol': 0.080165475688721}, 'sub': {'n_neighbors': 7, 'smo_grp': 'UNDER', 'threshold_cleaning': 0.43072590634086616, 'type': 'NeighbourhoodCleaningRule'}}"
19,0.7661827286699321,50.36950993537903,OVER,KMeansSMOTE,1,No clusters found with sufficient samples of class 1. Try lowering the cluster_balance_threshold or increasing the number of clusters.,1.0,0.0,19,"{'classifier': {'algorithm': 'ball_tree', 'n_neighbors': 17, 'name': 'KNN', 'p': 19, 'random_state': 39, 'weights': 'uniform'}, 'sub': {'cluster_balance_threshold': 0.18067926675267215, 'k_neighbors': 3, 'random_state': 39, 'smo_grp': 'OVER', 'type': 'KMeansSMOTE'}}"
20,0.7661827286699321,50.75345730781555,COMBINE,SMOTETomek,0,,0.36027873011960165,0.6397212698803983,20,"{'classifier': {'criterion': 'entropy', 'max_depth': 5, 'max_features': 'sqrt', 'min_samples_leaf': 15, 'min_samples_split': 7, 'name': 'DTC', 'random_state': 39}, 'sub': {'random_state': 39, 'smo_grp': 'COMBINE', 'type': 'SMOTETomek'}}"
21,0.7661827286699321,52.65281319618225,OVER,KMeansSMOTE,1,No clusters found with sufficient samples of class 1. Try lowering the cluster_balance_threshold or increasing the number of clusters.,1.0,0.0,21,"{'classifier': {'algorithm': 'ball_tree', 'n_neighbors': 5, 'name': 'KNN', 'p': 14, 'random_state': 39, 'weights': 'distance'}, 'sub': {'cluster_balance_threshold': 0.07492548392199504, 'k_neighbors': 5, 'random_state': 39, 'smo_grp': 'OVER', 'type': 'KMeansSMOTE'}}"
22,0.7661827286699321,52.869731187820435,OVER,BorderlineSMOTE,0,,0.4864080223454412,0.5135919776545588,22,"{'classifier': {'criterion': 'entropy', 'max_depth': 15, 'max_features': None, 'min_samples_leaf': 7, 'min_samples_split': 18, 'name': 'DTC', 'random_state': 39}, 'sub': {'k_neighbors': 2, 'kind': 'borderline-1', 'm_neighbors': 5, 'random_state': 39, 'smo_grp': 'OVER', 'type': 'BorderlineSMOTE'}}"
23,0.7661827286699321,53.18680024147034,OVER,SVMSMOTE,0,,0.4260938924089155,0.5739061075910845,23,"{'classifier': {'criterion': 'entropy', 'max_depth': 13, 'max_features': None, 'min_samples_leaf': 2, 'min_samples_split': 19, 'name': 'DTC', 'random_state': 39}, 'sub': {'k_neighbors': 7, 'm_neighbors': 3, 'out_step': 0.41596470722426504, 'random_state': 39, 'smo_grp': 'OVER', 'type': 'SVMSMOTE'}}"
24,0.7661827286699321,58.72667741775513,UNDER,AllKNN,0,,0.38375659815576435,0.6162434018442356,24,"{'classifier': {'bootstrap': False, 'class_weight': None, 'criterion': 'gini', 'max_features': None, 'min_samples_leaf': 6, 'min_samples_split': 9, 'n_estimators': 138, 'name': 'RF', 'random_state': 39}, 'sub': {'allow_minority': True, 'kind_sel': 'all', 'n_neighbors': 18, 'smo_grp': 'UNDER', 'type': 'AllKNN'}}"
25,0.7661827286699321,63.693066120147705,OVER,RandomOverSampler,0,,0.5214845516302302,0.4785154483697697,25,"{'classifier': {'bootstrap': True, 'class_weight': 'balanced_subsample', 'criterion': 'gini', 'max_features': 'log2', 'min_samples_leaf': 2, 'min_samples_split': 12, 'n_estimators': 97, 'name': 'RF', 'random_state': 39}, 'sub': {'random_state': 39, 'smo_grp': 'OVER', 'type': 'RandomOverSampler'}}"
26,0.7661827286699321,64.27638578414917,UNDER,NeighbourhoodCleaningRule,0,,0.2932410408158186,0.7067589591841814,26,"{'classifier': {'criterion': 'entropy', 'max_depth': 9, 'max_features': None, 'min_samples_leaf': 7, 'min_samples_split': 17, 'name': 'DTC', 'random_state': 39}, 'sub': {'n_neighbors': 18, 'smo_grp': 'UNDER', 'threshold_cleaning': 0.7375389907289757, 'type': 'NeighbourhoodCleaningRule'}}"
27,0.7661827286699321,64.86419224739075,UNDER,NeighbourhoodCleaningRule,0,,0.8177626951287729,0.18223730487122708,27,"{'classifier': {'criterion': 'entropy', 'max_depth': 4, 'max_features': 1, 'min_samples_leaf': 13, 'min_samples_split': 8, 'name': 'DTC', 'random_state': 39}, 'sub': {'n_neighbors': 7, 'smo_grp': 'UNDER', 'threshold_cleaning': 0.5621982034402986, 'type': 'NeighbourhoodCleaningRule'}}"
28,0.7661827286699321,72.47734999656677,UNDER,CondensedNearestNeighbour,0,,0.3191317889347437,0.6808682110652563,28,"{'classifier': {'C': 65.33034314109501, 'l1_ratio': 0.19902856527567817, 'name': 'LR', 'penalty_solver': 'l2+saga', 'random_state': 39, 'tol': 0.06741903738066714}, 'sub': {'n_neighbors': 8, 'n_seeds_S': 42, 'random_state': 39, 'smo_grp': 'UNDER', 'type': 'CondensedNearestNeighbour'}}"
29,0.7661827286699321,72.61892080307007,OVER,RandomOverSampler,0,,0.3580813359191539,0.6419186640808461,29,"{'classifier': {'criterion': 'gini', 'max_depth': 18, 'max_features': 'log2', 'min_samples_leaf': 7, 'min_samples_split': 4, 'name': 'DTC', 'random_state': 39}, 'sub': {'random_state': 39, 'smo_grp': 'OVER', 'type': 'RandomOverSampler'}}"
30,0.7661827286699321,72.81801271438599,OVER,ADASYN,0,,0.490532982818504,0.509467017181496,30,"{'classifier': {'criterion': 'entropy', 'max_depth': 11, 'max_features': 'log2', 'min_samples_leaf': 10, 'min_samples_split': 6, 'name': 'DTC', 'random_state': 39}, 'sub': {'n_neighbors': 1, 'random_state': 39, 'smo_grp': 'OVER', 'type': 'ADASYN'}}"
31,0.8551582177661494,73.02716875076294,OVER,SMOTE,0,,0.14484178223385058,0.8551582177661494,31,"{'classifier': {'C': 42.16483957573999, 'l1_ratio': 0.28683349793440316, 'name': 'LR', 'penalty_solver': 'l1+liblinear', 'random_state': 39, 'tol': 0.020609465423338174}, 'sub': {'k_neighbors': 6, 'random_state': 39, 'smo_grp': 'OVER', 'type': 'SMOTE'}}"
32,0.8551582177661494,73.31820964813232,UNDER,TomekLinks,0,,0.41114479416082195,0.588855205839178,32,"{'classifier': {'C': 51.55037980815965, 'l1_ratio': 0.41522085388764635, 'name': 'LR', 'penalty_solver': 'l2+saga', 'random_state': 39, 'tol': 0.012198779185502384}, 'sub': {'smo_grp': 'UNDER', 'type': 'TomekLinks'}}"
33,0.8551582177661494,73.50769519805908,OVER,ADASYN,0,,0.2999045228695685,0.7000954771304315,33,"{'classifier': {'criterion': 'gini', 'max_depth': 13, 'max_features': 'sqrt', 'min_samples_leaf': 11, 'min_samples_split': 18, 'name': 'DTC', 'random_state': 39}, 'sub': {'n_neighbors': 7, 'random_state': 39, 'smo_grp': 'OVER', 'type': 'ADASYN'}}"
34,0.8551582177661494,78.10921573638916,OVER,ADASYN,0,,0.3550073381723211,0.6449926618276789,34,"{'classifier': {'bootstrap': False, 'class_weight': None, 'criterion': 'entropy', 'max_features': 'log2', 'min_samples_leaf': 5, 'min_samples_split': 11, 'n_estimators': 42, 'name': 'RF', 'random_state': 39}, 'sub': {'n_neighbors': 7, 'random_state': 39, 'smo_grp': 'OVER', 'type': 'ADASYN'}}"
35,0.8551582177661494,83.51616406440735,OVER,ADASYN,0,,0.3423152715787493,0.6576847284212507,35,"{'classifier': {'bootstrap': False, 'class_weight': 'balanced_subsample', 'criterion': 'gini', 'max_features': 'log2', 'min_samples_leaf': 10, 'min_samples_split': 13, 'n_estimators': 79, 'name': 'RF', 'random_state': 39}, 'sub': {'n_neighbors': 4, 'random_state': 39, 'smo_grp': 'OVER', 'type': 'ADASYN'}}"
36,0.8551582177661494,99.08822393417358,UNDER,ClusterCentroids,0,,0.2938016045878791,0.7061983954121209,36,"{'classifier': {'algorithm': 'ball_tree', 'n_neighbors': 16, 'name': 'KNN', 'p': 10, 'random_state': 39, 'weights': 'distance'}, 'sub': {'estimator': 'KMeans', 'random_state': 39, 'smo_grp': 'UNDER', 'type': 'ClusterCentroids', 'voting': 'hard'}}"
37,0.8551582177661494,100.77051210403442,UNDER,OneSidedSelection,0,,0.5174360919901824,0.4825639080098176,37,"{'classifier': {'bootstrap': True, 'class_weight': 'balanced', 'criterion': 'gini', 'max_features': 'log2', 'min_samples_leaf': 2, 'min_samples_split': 3, 'n_estimators': 24, 'name': 'RF', 'random_state': 39}, 'sub': {'n_neighbors': 8, 'n_seeds_S': 9, 'random_state': 39, 'smo_grp': 'UNDER', 'type': 'OneSidedSelection'}}"
38,0.8551582177661494,101.60761427879333,UNDER,TomekLinks,0,,1.0,0.0,38,"{'classifier': {'algorithm': 'auto', 'n_neighbors': 34, 'name': 'KNN', 'p': 14, 'random_state': 39, 'weights': 'distance'}, 'sub': {'smo_grp': 'UNDER', 'type': 'TomekLinks'}}"
39,0.8551582177661494,105.98307633399963,UNDER,OneSidedSelection,0,,0.4211395474209685,0.5788604525790315,39,"{'classifier': {'bootstrap': False, 'class_weight': 'balanced', 'criterion': 'gini', 'max_features': 'sqrt', 'min_samples_leaf': 14, 'min_samples_split': 8, 'n_estimators': 126, 'name': 'RF', 'random_state': 39}, 'sub': {'n_neighbors': 10, 'n_seeds_S': 13, 'random_state': 39, 'smo_grp': 'UNDER', 'type': 'OneSidedSelection'}}"
40,0.8551582177661494,107.75897407531738,UNDER,RepeatedEditedNearestNeighbours,0,,1.0,0.0,40,"{'classifier': {'algorithm': 'brute', 'n_neighbors': 27, 'name': 'KNN', 'p': 5, 'random_state': 39, 'weights': 'distance'}, 'sub': {'kind_sel': 'mode', 'n_neighbors': 4, 'smo_grp': 'UNDER', 'type': 'RepeatedEditedNearestNeighbours'}}"
41,0.8551582177661494,107.94085144996643,UNDER,NearMiss,0,,0.6748646499178368,0.32513535008216315,41,"{'classifier': {'C': 77.63482755752432, 'coef0': -0.4538252459643617, 'degree': 2, 'gamma': 'value', 'gamma_value': 2.836511732495854, 'kernel': 'rbf', 'name': 'SVM', 'probability': False, 'random_state': 39, 'shrinking': False, 'tol': 0.028968440383116315}, 'sub': {'n_neighbors': 6, 'n_neighbors_ver3': 4, 'smo_grp': 'UNDER', 'type': 'NearMiss', 'version': 1}}"
42,0.8551582177661494,108.95435738563538,COMBINE,SMOTETomek,0,,0.3287039463186838,0.6712960536813162,42,"{'classifier': {'algorithm': 'kd_tree', 'n_neighbors': 29, 'name': 'KNN', 'p': 11, 'random_state': 39, 'weights': 'uniform'}, 'sub': {'random_state': 39, 'smo_grp': 'COMBINE', 'type': 'SMOTETomek'}}"
43,0.8551582177661494,109.06491351127625,OVER,RandomOverSampler,0,,0.3422133452649557,0.6577866547350443,43,"{'classifier': {'criterion': 'gini', 'max_depth': 2, 'max_features': 'log2', 'min_samples_leaf': 17, 'min_samples_split': 13, 'name': 'DTC', 'random_state': 39}, 'sub': {'random_state': 39, 'smo_grp': 'OVER', 'type': 'RandomOverSampler'}}"
44,0.8551582177661494,109.2766489982605,OVER,ADASYN,0,,0.18418084715409422,0.8158191528459058,44,"{'classifier': {'C': 59.49666529816094, 'l1_ratio': 0.53037754156887, 'name': 'LR', 'penalty_solver': 'l1+saga', 'random_state': 39, 'tol': 0.060109138243318004}, 'sub': {'n_neighbors': 3, 'random_state': 39, 'smo_grp': 'OVER', 'type': 'ADASYN'}}"
45,0.8551582177661494,115.69291496276855,UNDER,AllKNN,0,,0.31365064614290983,0.6863493538570902,45,"{'classifier': {'C': 70.4378618595677, 'coef0': -0.590217717433243, 'degree': 2, 'gamma': 'auto', 'gamma_value': 5.921895181664237, 'kernel': 'linear', 'name': 'SVM', 'probability': False, 'random_state': 39, 'shrinking': False, 'tol': 0.06862632791593412}, 'sub': {'allow_minority': False, 'kind_sel': 'mode', 'n_neighbors': 15, 'smo_grp': 'UNDER', 'type': 'AllKNN'}}"
46,0.8551582177661494,115.80068635940552,UNDER,NearMiss,0,,0.5228668479260496,0.4771331520739504,46,"{'classifier': {'C': 25.3583287485118, 'coef0': 0.6599335061397491, 'degree': 4, 'gamma': 'auto', 'gamma_value': 7.476709183003234, 'kernel': 'rbf', 'name': 'SVM', 'probability': False, 'random_state': 39, 'shrinking': False, 'tol': 0.07417898550673845}, 'sub': {'n_neighbors': 14, 'n_neighbors_ver3': 6, 'smo_grp': 'UNDER', 'type': 'NearMiss', 'version': 2}}"
47,0.8551582177661494,118.26343035697937,UNDER,NeighbourhoodCleaningRule,0,,0.24838715991415816,0.7516128400858418,47,"{'classifier': {'C': 87.70926740542352, 'coef0': -0.45466257301006907, 'degree': 3, 'gamma': 'auto', 'gamma_value': 7.56754579842158, 'kernel': 'linear', 'name': 'SVM', 'probability': True, 'random_state': 39, 'shrinking': False, 'tol': 0.034032532071828964}, 'sub': {'n_neighbors': 4, 'smo_grp': 'UNDER', 'threshold_cleaning': 0.298012111078662, 'type': 'NeighbourhoodCleaningRule'}}"
48,0.8551582177661494,118.3796021938324,OVER,SMOTE,0,,0.3260946917245853,0.6739053082754147,48,"{'classifier': {'algorithm': 'kd_tree', 'n_neighbors': 2, 'name': 'KNN', 'p': 0, 'random_state': 39, 'weights': 'distance'}, 'sub': {'k_neighbors': 7, 'random_state': 39, 'smo_grp': 'OVER', 'type': 'SMOTE'}}"
49,0.8551582177661494,119.51472735404968,OVER,ADASYN,0,,0.36182752416946107,0.6381724758305389,49,"{'classifier': {'bootstrap': True, 'class_weight': 'balanced', 'criterion': 'entropy', 'max_features': 'log2', 'min_samples_leaf': 6, 'min_samples_split': 8, 'n_estimators': 18, 'name': 'RF', 'random_state': 39}, 'sub': {'n_neighbors': 9, 'random_state': 39, 'smo_grp': 'OVER', 'type': 'ADASYN'}}"
50,0.8551582177661494,119.59061813354492,UNDER,NearMiss,0,,0.4987486641212746,0.5012513358787254,50,"{'classifier': {'C': 159.41339641688552, 'coef0': 0.09130447187582513, 'degree': 2, 'gamma': 'auto', 'gamma_value': 2.4370861818074805, 'kernel': 'poly', 'name': 'SVM', 'probability': True, 'random_state': 39, 'shrinking': True, 'tol': 0.06494070351620693}, 'sub': {'n_neighbors': 12, 'n_neighbors_ver3': 11, 'smo_grp': 'UNDER', 'type': 'NearMiss', 'version': 2}}"
51,0.8551582177661494,119.8349723815918,UNDER,NearMiss,0,,0.16233984220912812,0.8376601577908719,51,"{'classifier': {'C': 96.17544250047173, 'l1_ratio': 0.13535299964947864, 'name': 'LR', 'penalty_solver': 'none+newton-cg', 'random_state': 39, 'tol': 0.08382727112626978}, 'sub': {'n_neighbors': 9, 'n_neighbors_ver3': 1, 'smo_grp': 'UNDER', 'type': 'NearMiss', 'version': 2}}"
52,0.8551582177661494,129.04663801193237,UNDER,ClusterCentroids,0,,0.15743557592620383,0.8425644240737962,52,"{'classifier': {'C': 99.85010156233109, 'l1_ratio': 0.49051246369278156, 'name': 'LR', 'penalty_solver': 'none+newton-cg', 'random_state': 39, 'tol': 0.06949105242704884}, 'sub': {'estimator': 'KMeans', 'random_state': 39, 'smo_grp': 'UNDER', 'type': 'ClusterCentroids', 'voting': 'soft'}}"
53,0.8551582177661494,139.4820477962494,UNDER,ClusterCentroids,0,,0.2384969023011385,0.7615030976988615,53,"{'classifier': {'C': 38.50798390561346, 'l1_ratio': 0.8223870431090958, 'name': 'LR', 'penalty_solver': 'l1+saga', 'random_state': 39, 'tol': 0.028033265307081792}, 'sub': {'estimator': 'KMeans', 'random_state': 39, 'smo_grp': 'UNDER', 'type': 'ClusterCentroids', 'voting': 'soft'}}"
54,0.8551582177661494,139.72245240211487,COMBINE,SMOTEENN,0,,0.29746443688643665,0.7025355631135634,54,"{'classifier': {'criterion': 'entropy', 'max_depth': 8, 'max_features': 1, 'min_samples_leaf': 13, 'min_samples_split': 12, 'name': 'DTC', 'random_state': 39}, 'sub': {'random_state': 39, 'smo_grp': 'COMBINE', 'type': 'SMOTEENN'}}"
55,0.8551582177661494,140.16752123832703,UNDER,RepeatedEditedNearestNeighbours,0,,0.4783724606041745,0.5216275393958255,55,"{'classifier': {'C': 43.052892614093324, 'l1_ratio': 0.16254575998419554, 'name': 'LR', 'penalty_solver': 'l1+saga', 'random_state': 39, 'tol': 0.05096453966098951}, 'sub': {'kind_sel': 'mode', 'n_neighbors': 17, 'smo_grp': 'UNDER', 'type': 'RepeatedEditedNearestNeighbours'}}"
56,0.8551582177661494,140.76443433761597,UNDER,RepeatedEditedNearestNeighbours,0,,0.39817813814367553,0.6018218618563245,56,"{'classifier': {'C': 89.37729731411008, 'l1_ratio': 0.9317753226481753, 'name': 'LR', 'penalty_solver': 'elasticnet+saga', 'random_state': 39, 'tol': 0.05111296318947368}, 'sub': {'kind_sel': 'all', 'n_neighbors': 13, 'smo_grp': 'UNDER', 'type': 'RepeatedEditedNearestNeighbours'}}"
57,0.8551582177661494,140.80870652198792,UNDER,RandomUnderSampler,0,,0.41868085572021374,0.5813191442797863,57,"{'classifier': {'C': 118.27491871654843, 'coef0': -0.7013771573751213, 'degree': 4, 'gamma': 'scale', 'gamma_value': 7.553834176279271, 'kernel': 'sigmoid', 'name': 'SVM', 'probability': False, 'random_state': 39, 'shrinking': True, 'tol': 0.010200595741797599}, 'sub': {'random_state': 39, 'replacement': False, 'smo_grp': 'UNDER', 'type': 'RandomUnderSampler'}}"
58,0.8551582177661494,144.27052330970764,UNDER,InstanceHardnessThreshold,0,,0.4884547522683772,0.5115452477316228,58,"{'classifier': {'bootstrap': False, 'class_weight': 'balanced_subsample', 'criterion': 'gini', 'max_features': None, 'min_samples_leaf': 12, 'min_samples_split': 15, 'n_estimators': 23, 'name': 'RF', 'random_state': 39}, 'sub': {'cv': 2, 'estimator': 'adaboost', 'random_state': 39, 'smo_grp': 'UNDER', 'type': 'InstanceHardnessThreshold'}}"
59,0.8551582177661494,144.7871401309967,UNDER,EditedNearestNeighbours,0,,0.4301461144071623,0.5698538855928377,59,"{'classifier': {'C': 74.19865511343222, 'l1_ratio': 0.5660199895019656, 'name': 'LR', 'penalty_solver': 'l2+sag', 'random_state': 39, 'tol': 0.09520392215119185}, 'sub': {'kind_sel': 'mode', 'n_neighbors': 6, 'smo_grp': 'UNDER', 'type': 'EditedNearestNeighbours'}}"
60,0.8551582177661494,146.82886004447937,UNDER,AllKNN,0,,0.3057546053950577,0.6942453946049423,60,"{'classifier': {'C': 112.35942517040154, 'coef0': 0.9568815957072394, 'degree': 3, 'gamma': 'auto', 'gamma_value': 2.448317010579557, 'kernel': 'poly', 'name': 'SVM', 'probability': False, 'random_state': 39, 'shrinking': True, 'tol': 0.041641397024663}, 'sub': {'allow_minority': True, 'kind_sel': 'mode', 'n_neighbors': 5, 'smo_grp': 'UNDER', 'type': 'AllKNN'}}"
61,0.8551582177661494,147.77272129058838,UNDER,OneSidedSelection,0,,0.4236318021846841,0.5763681978153159,61,"{'classifier': {'C': 132.19395537656007, 'coef0': -0.5180261749423514, 'degree': 3, 'gamma': 'scale', 'gamma_value': 6.11716575966743, 'kernel': 'rbf', 'name': 'SVM', 'probability': True, 'random_state': 39, 'shrinking': False, 'tol': 0.09477371195824522}, 'sub': {'n_neighbors': 9, 'n_seeds_S': 10, 'random_state': 39, 'smo_grp': 'UNDER', 'type': 'OneSidedSelection'}}"
62,0.8551582177661494,148.00071692466736,COMBINE,SMOTETomek,0,,0.37951318706631776,0.6204868129336822,62,"{'classifier': {'criterion': 'entropy', 'max_depth': 13, 'max_features': 'log2', 'min_samples_leaf': 4, 'min_samples_split': 13, 'name': 'DTC', 'random_state': 39}, 'sub': {'random_state': 39, 'smo_grp': 'COMBINE', 'type': 'SMOTETomek'}}"
63,0.8551582177661494,152.04311752319336,UNDER,RepeatedEditedNearestNeighbours,0,,0.5694320110402148,0.4305679889597852,63,"{'classifier': {'bootstrap': True, 'class_weight': None, 'criterion': 'entropy', 'max_features': None, 'min_samples_leaf': 3, 'min_samples_split': 7, 'n_estimators': 73, 'name': 'RF', 'random_state': 39}, 'sub': {'kind_sel': 'mode', 'n_neighbors': 9, 'smo_grp': 'UNDER', 'type': 'RepeatedEditedNearestNeighbours'}}"
64,0.8551582177661494,152.52328824996948,OVER,ADASYN,0,,0.3283632376997223,0.6716367623002777,64,"{'classifier': {'algorithm': 'auto', 'n_neighbors': 10, 'name': 'KNN', 'p': 17, 'random_state': 39, 'weights': 'distance'}, 'sub': {'n_neighbors': 9, 'random_state': 39, 'smo_grp': 'OVER', 'type': 'ADASYN'}}"
65,0.8551582177661494,153.34663009643555,OVER,SMOTE,0,,0.4430797375391181,0.5569202624608819,65,"{'classifier': {'C': 196.227261551265, 'coef0': -0.097626498350178, 'degree': 2, 'gamma': 'value', 'gamma_value': 4.1264543684406725, 'kernel': 'sigmoid', 'name': 'SVM', 'probability': False, 'random_state': 39, 'shrinking': True, 'tol': 0.06491477977623442}, 'sub': {'k_neighbors': 7, 'random_state': 39, 'smo_grp': 'OVER', 'type': 'SMOTE'}}"
66,0.8551582177661494,153.46517181396484,OVER,KMeansSMOTE,1,No clusters found with sufficient samples of class 1. Try lowering the cluster_balance_threshold or increasing the number of clusters.,1.0,0.0,66,"{'classifier': {'criterion': 'entropy', 'max_depth': 16, 'max_features': 'sqrt', 'min_samples_leaf': 1, 'min_samples_split': 19, 'name': 'DTC', 'random_state': 39}, 'sub': {'cluster_balance_threshold': 0.5755011197831463, 'k_neighbors': 7, 'random_state': 39, 'smo_grp': 'OVER', 'type': 'KMeansSMOTE'}}"
67,0.8551582177661494,153.75128316879272,UNDER,EditedNearestNeighbours,0,,0.31677698960953715,0.6832230103904628,67,"{'classifier': {'bootstrap': True, 'class_weight': 'balanced_subsample', 'criterion': 'entropy', 'max_features': None, 'min_samples_leaf': 16, 'min_samples_split': 6, 'n_estimators': 1, 'name': 'RF', 'random_state': 39}, 'sub': {'kind_sel': 'all', 'n_neighbors': 18, 'smo_grp': 'UNDER', 'type': 'EditedNearestNeighbours'}}"
68,0.8551582177661494,154.0440788269043,UNDER,NearMiss,0,,0.212414736872798,0.787585263127202,68,"{'classifier': {'C': 15.577369243454976, 'l1_ratio': 0.26939589265352704, 'name': 'LR', 'penalty_solver': 'l2+newton-cg', 'random_state': 39, 'tol': 0.006367790232466146}, 'sub': {'n_neighbors': 17, 'n_neighbors_ver3': 15, 'smo_grp': 'UNDER', 'type': 'NearMiss', 'version': 2}}"
69,0.8551582177661494,156.24393773078918,OVER,BorderlineSMOTE,0,,0.4372717346110989,0.5627282653889011,69,"{'classifier': {'C': 124.19150837805228, 'coef0': 0.4524739530831461, 'degree': 3, 'gamma': 'scale', 'gamma_value': 2.5232839536202327, 'kernel': 'sigmoid', 'name': 'SVM', 'probability': True, 'random_state': 39, 'shrinking': True, 'tol': 0.03577302602401546}, 'sub': {'k_neighbors': 7, 'kind': 'borderline-1', 'm_neighbors': 5, 'random_state': 39, 'smo_grp': 'OVER', 'type': 'BorderlineSMOTE'}}"
70,0.8636816688925208,158.3883078098297,UNDER,ClusterCentroids,0,,0.13631833110747915,0.8636816688925208,70,"{'classifier': {'C': 169.8047689013512, 'coef0': -0.8176097975261389, 'degree': 2, 'gamma': 'value', 'gamma_value': 4.459946619728141, 'kernel': 'linear', 'name': 'SVM', 'probability': False, 'random_state': 39, 'shrinking': False, 'tol': 0.04858914223296729}, 'sub': {'estimator': 'MiniBatchKMeans', 'random_state': 39, 'smo_grp': 'UNDER', 'type': 'ClusterCentroids', 'voting': 'soft'}}"
71,0.8636816688925208,158.78023982048035,OVER,SMOTENC,0,,0.336380394044985,0.663619605955015,71,"{'classifier': {'algorithm': 'ball_tree', 'n_neighbors': 21, 'name': 'KNN', 'p': 2, 'random_state': 39, 'weights': 'distance'}, 'sub': {'categorical_features': True, 'k_neighbors': 9, 'random_state': 39, 'smo_grp': 'OVER', 'type': 'SMOTENC'}}"
72,0.8636816688925208,158.88881373405457,OVER,RandomOverSampler,0,,0.1940488078396324,0.8059511921603676,72,"{'classifier': {'C': 52.915237118913566, 'l1_ratio': 0.43877477290056544, 'name': 'LR', 'penalty_solver': 'elasticnet+saga', 'random_state': 39, 'tol': 0.09257530290320065}, 'sub': {'random_state': 39, 'smo_grp': 'OVER', 'type': 'RandomOverSampler'}}"
73,0.8636816688925208,163.54236125946045,UNDER,NearMiss,0,,0.45353906475137706,0.5464609352486229,73,"{'classifier': {'bootstrap': True, 'class_weight': 'balanced', 'criterion': 'gini', 'max_features': 'sqrt', 'min_samples_leaf': 4, 'min_samples_split': 2, 'n_estimators': 141, 'name': 'RF', 'random_state': 39}, 'sub': {'n_neighbors': 16, 'n_neighbors_ver3': 19, 'smo_grp': 'UNDER', 'type': 'NearMiss', 'version': 1}}"
74,0.8636816688925208,163.75568890571594,OVER,KMeansSMOTE,1,No clusters found with sufficient samples of class 1. Try lowering the cluster_balance_threshold or increasing the number of clusters.,1.0,0.0,74,"{'classifier': {'C': 99.47187308645218, 'coef0': 0.38172066809440275, 'degree': 3, 'gamma': 'value', 'gamma_value': 6.153244731509885, 'kernel': 'rbf', 'name': 'SVM', 'probability': False, 'random_state': 39, 'shrinking': True, 'tol': 0.03213417619315826}, 'sub': {'cluster_balance_threshold': 0.7781029838920676, 'k_neighbors': 1, 'random_state': 39, 'smo_grp': 'OVER', 'type': 'KMeansSMOTE'}}"
75,0.8636816688925208,168.97084522247314,OVER,SMOTENC,0,,0.34439777364716506,0.6556022263528349,75,"{'classifier': {'bootstrap': True, 'class_weight': 'balanced', 'criterion': 'gini', 'max_features': 'sqrt', 'min_samples_leaf': 13, 'min_samples_split': 19, 'n_estimators': 111, 'name': 'RF', 'random_state': 39}, 'sub': {'categorical_features': True, 'k_neighbors': 2, 'random_state': 39, 'smo_grp': 'OVER', 'type': 'SMOTENC'}}"
76,0.8636816688925208,169.0758581161499,UNDER,RandomUnderSampler,0,,0.24708279872424654,0.7529172012757535,76,"{'classifier': {'C': 158.92578258836372, 'coef0': -0.3641225134667496, 'degree': 3, 'gamma': 'scale', 'gamma_value': 1.8332056927960971, 'kernel': 'rbf', 'name': 'SVM', 'probability': True, 'random_state': 39, 'shrinking': True, 'tol': 0.08252901818257181}, 'sub': {'random_state': 39, 'replacement': False, 'smo_grp': 'UNDER', 'type': 'RandomUnderSampler'}}"
77,0.8636816688925208,171.7087860107422,OVER,SMOTENC,0,,0.25146196200804183,0.7485380379919582,77,"{'classifier': {'C': 1.9653518594611679, 'coef0': 0.6246022771856143, 'degree': 3, 'gamma': 'auto', 'gamma_value': 4.183054508656128, 'kernel': 'rbf', 'name': 'SVM', 'probability': True, 'random_state': 39, 'shrinking': True, 'tol': 0.07778630101046362}, 'sub': {'categorical_features': True, 'k_neighbors': 8, 'random_state': 39, 'smo_grp': 'OVER', 'type': 'SMOTENC'}}"
78,0.8636816688925208,172.6543674468994,UNDER,NeighbourhoodCleaningRule,0,,0.7664571165146041,0.23354288348539587,78,"{'classifier': {'bootstrap': False, 'class_weight': None, 'criterion': 'entropy', 'max_features': 1, 'min_samples_leaf': 1, 'min_samples_split': 18, 'n_estimators': 13, 'name': 'RF', 'random_state': 39}, 'sub': {'n_neighbors': 4, 'smo_grp': 'UNDER', 'threshold_cleaning': 0.7690210298756313, 'type': 'NeighbourhoodCleaningRule'}}"
79,0.8636816688925208,175.535542011261,UNDER,EditedNearestNeighbours,0,,0.3151952304671771,0.6848047695328229,79,"{'classifier': {'bootstrap': True, 'class_weight': 'balanced', 'criterion': 'entropy', 'max_features': 1, 'min_samples_leaf': 16, 'min_samples_split': 7, 'n_estimators': 71, 'name': 'RF', 'random_state': 39}, 'sub': {'kind_sel': 'mode', 'n_neighbors': 19, 'smo_grp': 'UNDER', 'type': 'EditedNearestNeighbours'}}"
80,0.8636816688925208,178.79984521865845,UNDER,ClusterCentroids,0,,0.28457901095223603,0.715420989047764,80,"{'classifier': {'bootstrap': False, 'class_weight': 'balanced', 'criterion': 'gini', 'max_features': 1, 'min_samples_leaf': 11, 'min_samples_split': 5, 'n_estimators': 79, 'name': 'RF', 'random_state': 39}, 'sub': {'estimator': 'MiniBatchKMeans', 'random_state': 39, 'smo_grp': 'UNDER', 'type': 'ClusterCentroids', 'voting': 'soft'}}"
81,0.8636816688925208,179.64229106903076,UNDER,RepeatedEditedNearestNeighbours,0,,0.27453985816881,0.72546014183119,81,"{'classifier': {'C': 75.21134597805315, 'l1_ratio': 0.279590206713096, 'name': 'LR', 'penalty_solver': 'none+newton-cg', 'random_state': 39, 'tol': 0.06407111747626251}, 'sub': {'kind_sel': 'mode', 'n_neighbors': 17, 'smo_grp': 'UNDER', 'type': 'RepeatedEditedNearestNeighbours'}}"
82,0.8636816688925208,179.90857481956482,OVER,SMOTE,0,,0.37573297043480447,0.6242670295651955,82,"{'classifier': {'criterion': 'entropy', 'max_depth': 16, 'max_features': None, 'min_samples_leaf': 9, 'min_samples_split': 16, 'name': 'DTC', 'random_state': 39}, 'sub': {'k_neighbors': 6, 'random_state': 39, 'smo_grp': 'OVER', 'type': 'SMOTE'}}"
83,0.8636816688925208,214.96030712127686,UNDER,InstanceHardnessThreshold,0,,0.28619995583977764,0.7138000441602224,83,"{'classifier': {'bootstrap': True, 'class_weight': 'balanced', 'criterion': 'entropy', 'max_features': None, 'min_samples_leaf': 6, 'min_samples_split': 18, 'n_estimators': 114, 'name': 'RF', 'random_state': 39}, 'sub': {'cv': 9, 'estimator': None, 'random_state': 39, 'smo_grp': 'UNDER', 'type': 'InstanceHardnessThreshold'}}"
84,0.8636816688925208,215.1067214012146,UNDER,NearMiss,0,,0.21532709281818063,0.7846729071818194,84,"{'classifier': {'C': 12.802883344859884, 'l1_ratio': 0.10897762301831594, 'name': 'LR', 'penalty_solver': 'l2+lbfgs', 'random_state': 39, 'tol': 0.05886596067999132}, 'sub': {'n_neighbors': 4, 'n_neighbors_ver3': 4, 'smo_grp': 'UNDER', 'type': 'NearMiss', 'version': 2}}"
85,0.8636816688925208,217.12841296195984,UNDER,ClusterCentroids,0,,0.4058163267388091,0.5941836732611909,85,"{'classifier': {'criterion': 'gini', 'max_depth': 17, 'max_features': 'log2', 'min_samples_leaf': 4, 'min_samples_split': 14, 'name': 'DTC', 'random_state': 39}, 'sub': {'estimator': 'MiniBatchKMeans', 'random_state': 39, 'smo_grp': 'UNDER', 'type': 'ClusterCentroids', 'voting': 'hard'}}"
86,0.8636816688925208,227.3314173221588,UNDER,AllKNN,0,,1.0,0.0,86,"{'classifier': {'algorithm': 'kd_tree', 'n_neighbors': 33, 'name': 'KNN', 'p': 18, 'random_state': 39, 'weights': 'uniform'}, 'sub': {'allow_minority': True, 'kind_sel': 'mode', 'n_neighbors': 19, 'smo_grp': 'UNDER', 'type': 'AllKNN'}}"
87,0.8636816688925208,231.32104206085205,UNDER,AllKNN,0,,0.3005327345018347,0.6994672654981653,87,"{'classifier': {'bootstrap': False, 'class_weight': 'balanced_subsample', 'criterion': 'entropy', 'max_features': 'sqrt', 'min_samples_leaf': 15, 'min_samples_split': 7, 'n_estimators': 67, 'name': 'RF', 'random_state': 39}, 'sub': {'allow_minority': False, 'kind_sel': 'mode', 'n_neighbors': 2, 'smo_grp': 'UNDER', 'type': 'AllKNN'}}"
88,0.8636816688925208,253.89397072792053,UNDER,ClusterCentroids,0,,0.4784342608103852,0.5215657391896148,88,"{'classifier': {'criterion': 'entropy', 'max_depth': 19, 'max_features': 'sqrt', 'min_samples_leaf': 7, 'min_samples_split': 11, 'name': 'DTC', 'random_state': 39}, 'sub': {'estimator': 'KMeans', 'random_state': 39, 'smo_grp': 'UNDER', 'type': 'ClusterCentroids', 'voting': 'hard'}}"
89,0.8636816688925208,254.07051277160645,UNDER,NearMiss,0,,0.5362527923798052,0.46374720762019483,89,"{'classifier': {'C': 39.6573475352915, 'coef0': 0.09198668996040182, 'degree': 4, 'gamma': 'scale', 'gamma_value': 4.662776500605148, 'kernel': 'poly', 'name': 'SVM', 'probability': True, 'random_state': 39, 'shrinking': True, 'tol': 0.047816975185656946}, 'sub': {'n_neighbors': 6, 'n_neighbors_ver3': 19, 'smo_grp': 'UNDER', 'type': 'NearMiss', 'version': 2}}"
90,0.8636816688925208,261.5573923587799,UNDER,CondensedNearestNeighbour,0,,0.46382405290672923,0.5361759470932708,90,"{'classifier': {'C': 165.85894455963626, 'coef0': -0.9870044064706203, 'degree': 2, 'gamma': 'auto', 'gamma_value': 1.4133562265721444, 'kernel': 'sigmoid', 'name': 'SVM', 'probability': True, 'random_state': 39, 'shrinking': True, 'tol': 0.02914012219809195}, 'sub': {'n_neighbors': 2, 'n_seeds_S': 49, 'random_state': 39, 'smo_grp': 'UNDER', 'type': 'CondensedNearestNeighbour'}}"
91,0.8636816688925208,261.724897146225,OVER,KMeansSMOTE,1,No clusters found with sufficient samples of class 1. Try lowering the cluster_balance_threshold or increasing the number of clusters.,1.0,0.0,91,"{'classifier': {'C': 31.397491993696256, 'l1_ratio': 0.40186133455325274, 'name': 'LR', 'penalty_solver': 'none+saga', 'random_state': 39, 'tol': 0.05381717456198737}, 'sub': {'cluster_balance_threshold': 0.02995771697976137, 'k_neighbors': 9, 'random_state': 39, 'smo_grp': 'OVER', 'type': 'KMeansSMOTE'}}"
92,0.8636816688925208,269.2854242324829,COMBINE,SMOTETomek,0,,0.33437626800567577,0.6656237319943242,92,"{'classifier': {'C': 30.31042515131761, 'coef0': 0.7032349136918459, 'degree': 3, 'gamma': 'value', 'gamma_value': 6.977401108073991, 'kernel': 'poly', 'name': 'SVM', 'probability': True, 'random_state': 39, 'shrinking': True, 'tol': 0.0792780609807806}, 'sub': {'random_state': 39, 'smo_grp': 'COMBINE', 'type': 'SMOTETomek'}}"
93,0.8636816688925208,274.69166898727417,UNDER,NearMiss,0,,0.4409025371652552,0.5590974628347448,93,"{'classifier': {'bootstrap': True, 'class_weight': 'balanced', 'criterion': 'gini', 'max_features': 'log2', 'min_samples_leaf': 5, 'min_samples_split': 17, 'n_estimators': 147, 'name': 'RF', 'random_state': 39}, 'sub': {'n_neighbors': 17, 'n_neighbors_ver3': 17, 'smo_grp': 'UNDER', 'type': 'NearMiss', 'version': 1}}"
94,0.8636816688925208,276.2429401874542,COMBINE,SMOTETomek,0,,0.3254518016546617,0.6745481983453383,94,"{'classifier': {'algorithm': 'brute', 'n_neighbors': 28, 'name': 'KNN', 'p': 9, 'random_state': 39, 'weights': 'uniform'}, 'sub': {'random_state': 39, 'smo_grp': 'COMBINE', 'type': 'SMOTETomek'}}"
95,0.8636816688925208,276.4539096355438,UNDER,RandomUnderSampler,0,,0.1791908005271342,0.8208091994728658,95,"{'classifier': {'C': 50.08941469110599, 'l1_ratio': 0.5132496526670233, 'name': 'LR', 'penalty_solver': 'none+newton-cg', 'random_state': 39, 'tol': 0.0340180138601127}, 'sub': {'random_state': 39, 'replacement': True, 'smo_grp': 'UNDER', 'type': 'RandomUnderSampler'}}"
96,0.8636816688925208,278.2214150428772,UNDER,RepeatedEditedNearestNeighbours,0,,0.19044133495472937,0.8095586650452706,96,"{'classifier': {'C': 142.77756295383722, 'coef0': -0.5597565835156078, 'degree': 3, 'gamma': 'scale', 'gamma_value': 0.972212014731748, 'kernel': 'linear', 'name': 'SVM', 'probability': True, 'random_state': 39, 'shrinking': False, 'tol': 0.010270796884246244}, 'sub': {'kind_sel': 'all', 'n_neighbors': 17, 'smo_grp': 'UNDER', 'type': 'RepeatedEditedNearestNeighbours'}}"
97,0.8636816688925208,282.4290301799774,COMBINE,SMOTETomek,0,,0.39371367066317264,0.6062863293368274,97,"{'classifier': {'bootstrap': False, 'class_weight': 'balanced', 'criterion': 'gini', 'max_features': 1, 'min_samples_leaf': 10, 'min_samples_split': 17, 'n_estimators': 95, 'name': 'RF', 'random_state': 39}, 'sub': {'random_state': 39, 'smo_grp': 'COMBINE', 'type': 'SMOTETomek'}}"
98,0.8636816688925208,300.15604734420776,UNDER,CondensedNearestNeighbour,0,,0.5010679549065922,0.4989320450934079,98,"{'classifier': {'C': 17.359907917301584, 'coef0': -0.18739104424662245, 'degree': 3, 'gamma': 'auto', 'gamma_value': 4.492479340916722, 'kernel': 'sigmoid', 'name': 'SVM', 'probability': True, 'random_state': 39, 'shrinking': True, 'tol': 0.07573341771226529}, 'sub': {'n_neighbors': 5, 'n_seeds_S': 32, 'random_state': 39, 'smo_grp': 'UNDER', 'type': 'CondensedNearestNeighbour'}}"
99,0.8636816688925208,315.9572854042053,UNDER,CondensedNearestNeighbour,0,,0.4395708505636515,0.5604291494363485,99,"{'classifier': {'bootstrap': False, 'class_weight': None, 'criterion': 'entropy', 'max_features': 'sqrt', 'min_samples_leaf': 14, 'min_samples_split': 16, 'n_estimators': 55, 'name': 'RF', 'random_state': 39}, 'sub': {'n_neighbors': 13, 'n_seeds_S': 38, 'random_state': 39, 'smo_grp': 'UNDER', 'type': 'CondensedNearestNeighbour'}}"
100,0.8656938316467817,316.75529980659485,COMBINE,SMOTETomek,0,,0.1343061683532183,0.8656938316467817,100,"{'classifier': {'C': 40.21632060927734, 'l1_ratio': 0.24000414542171303, 'name': 'LR', 'penalty_solver': 'none+newton-cg', 'random_state': 39, 'tol': 0.0565267347074461}, 'sub': {'random_state': 39, 'smo_grp': 'COMBINE', 'type': 'SMOTETomek'}}"
101,0.8656938316467817,342.5968430042267,UNDER,CondensedNearestNeighbour,0,,0.7855643669603086,0.2144356330396914,101,"{'classifier': {'criterion': 'entropy', 'max_depth': 2, 'max_features': 'sqrt', 'min_samples_leaf': 2, 'min_samples_split': 17, 'name': 'DTC', 'random_state': 39}, 'sub': {'n_neighbors': 44, 'n_seeds_S': 12, 'random_state': 39, 'smo_grp': 'UNDER', 'type': 'CondensedNearestNeighbour'}}"
102,0.8656938316467817,342.70525336265564,UNDER,RandomUnderSampler,0,,0.34481820282959896,0.655181797170401,102,"{'classifier': {'criterion': 'gini', 'max_depth': 11, 'max_features': None, 'min_samples_leaf': 7, 'min_samples_split': 17, 'name': 'DTC', 'random_state': 39}, 'sub': {'random_state': 39, 'replacement': False, 'smo_grp': 'UNDER', 'type': 'RandomUnderSampler'}}"
103,0.8656938316467817,343.000643491745,UNDER,NearMiss,0,,0.23765643459569064,0.7623435654043094,103,"{'classifier': {'C': 53.721077781001725, 'l1_ratio': 0.79158338589485, 'name': 'LR', 'penalty_solver': 'none+newton-cg', 'random_state': 39, 'tol': 0.035775813941560874}, 'sub': {'n_neighbors': 15, 'n_neighbors_ver3': 6, 'smo_grp': 'UNDER', 'type': 'NearMiss', 'version': 2}}"
104,0.8656938316467817,350.26503229141235,UNDER,AllKNN,0,,0.5075554688066434,0.4924445311933566,104,"{'classifier': {'C': 79.8681928712925, 'l1_ratio': 0.04081655171375791, 'name': 'LR', 'penalty_solver': 'none+saga', 'random_state': 39, 'tol': 0.09028871078542049}, 'sub': {'allow_minority': True, 'kind_sel': 'mode', 'n_neighbors': 15, 'smo_grp': 'UNDER', 'type': 'AllKNN'}}"
105,0.8656938316467817,350.92474913597107,UNDER,InstanceHardnessThreshold,0,,0.7475717318118418,0.25242826818815817,105,"{'classifier': {'algorithm': 'auto', 'n_neighbors': 12, 'name': 'KNN', 'p': 19, 'random_state': 39, 'weights': 'distance'}, 'sub': {'cv': 2, 'estimator': 'knn', 'random_state': 39, 'smo_grp': 'UNDER', 'type': 'InstanceHardnessThreshold'}}"
106,0.8656938316467817,351.0962290763855,OVER,BorderlineSMOTE,0,,0.507298804881234,0.492701195118766,106,"{'classifier': {'C': 2.1834905329447887, 'l1_ratio': 0.16069614481563632, 'name': 'LR', 'penalty_solver': 'none+saga', 'random_state': 39, 'tol': 0.08939611233754731}, 'sub': {'k_neighbors': 3, 'kind': 'borderline-1', 'm_neighbors': 1, 'random_state': 39, 'smo_grp': 'OVER', 'type': 'BorderlineSMOTE'}}"
107,0.8656938316467817,351.70308804512024,UNDER,OneSidedSelection,0,,0.5974510254572807,0.4025489745427193,107,"{'classifier': {'criterion': 'entropy', 'max_depth': 18, 'max_features': None, 'min_samples_leaf': 17, 'min_samples_split': 4, 'name': 'DTC', 'random_state': 39}, 'sub': {'n_neighbors': 18, 'n_seeds_S': 14, 'random_state': 39, 'smo_grp': 'UNDER', 'type': 'OneSidedSelection'}}"
108,0.8656938316467817,365.2198679447174,UNDER,AllKNN,0,,0.47216651511358765,0.5278334848864124,108,"{'classifier': {'bootstrap': False, 'class_weight': None, 'criterion': 'gini', 'max_features': None, 'min_samples_leaf': 3, 'min_samples_split': 13, 'n_estimators': 58, 'name': 'RF', 'random_state': 39}, 'sub': {'allow_minority': True, 'kind_sel': 'mode', 'n_neighbors': 17, 'smo_grp': 'UNDER', 'type': 'AllKNN'}}"
109,0.8656938316467817,368.3163917064667,UNDER,ClusterCentroids,0,,0.22808563638534662,0.7719143636146534,109,"{'classifier': {'C': 36.22501648390778, 'l1_ratio': 0.6455085931481683, 'name': 'LR', 'penalty_solver': 'l2+sag', 'random_state': 39, 'tol': 0.03039747823153082}, 'sub': {'estimator': 'MiniBatchKMeans', 'random_state': 39, 'smo_grp': 'UNDER', 'type': 'ClusterCentroids', 'voting': 'soft'}}"
110,0.8656938316467817,395.5501308441162,UNDER,InstanceHardnessThreshold,0,,0.35803724885077526,0.6419627511492247,110,"{'classifier': {'criterion': 'entropy', 'max_depth': 18, 'max_features': 'log2', 'min_samples_leaf': 11, 'min_samples_split': 8, 'name': 'DTC', 'random_state': 39}, 'sub': {'cv': 7, 'estimator': None, 'random_state': 39, 'smo_grp': 'UNDER', 'type': 'InstanceHardnessThreshold'}}"
111,0.8656938316467817,395.7117340564728,UNDER,NearMiss,0,,0.5891026669745136,0.4108973330254864,111,"{'classifier': {'criterion': 'entropy', 'max_depth': 18, 'max_features': 'log2', 'min_samples_leaf': 16, 'min_samples_split': 10, 'name': 'DTC', 'random_state': 39}, 'sub': {'n_neighbors': 3, 'n_neighbors_ver3': 1, 'smo_grp': 'UNDER', 'type': 'NearMiss', 'version': 2}}"
112,0.8656938316467817,396.4210195541382,OVER,SMOTENC,0,,0.3524180126434824,0.6475819873565176,112,"{'classifier': {'criterion': 'gini', 'max_depth': 15, 'max_features': None, 'min_samples_leaf': 18, 'min_samples_split': 15, 'name': 'DTC', 'random_state': 39}, 'sub': {'categorical_features': True, 'k_neighbors': 1, 'random_state': 39, 'smo_grp': 'OVER', 'type': 'SMOTENC'}}"
113,0.8656938316467817,396.75452160835266,OVER,SVMSMOTE,0,,0.2643913859845355,0.7356086140154645,113,"{'classifier': {'C': 2.4630228108206706, 'l1_ratio': 0.582355306967715, 'name': 'LR', 'penalty_solver': 'none+sag', 'random_state': 39, 'tol': 0.07910090324752854}, 'sub': {'k_neighbors': 3, 'm_neighbors': 7, 'out_step': 0.13056054908111947, 'random_state': 39, 'smo_grp': 'OVER', 'type': 'SVMSMOTE'}}"
114,0.8656938316467817,397.1088237762451,OVER,KMeansSMOTE,1,No clusters found with sufficient samples of class 1. Try lowering the cluster_balance_threshold or increasing the number of clusters.,1.0,0.0,114,"{'classifier': {'C': 16.191559084979573, 'l1_ratio': 0.8626842570421972, 'name': 'LR', 'penalty_solver': 'l2+newton-cg', 'random_state': 39, 'tol': 0.050873830248342515}, 'sub': {'cluster_balance_threshold': 0.8094305994505859, 'k_neighbors': 8, 'random_state': 39, 'smo_grp': 'OVER', 'type': 'KMeansSMOTE'}}"
115,0.8656938316467817,397.5723388195038,UNDER,NeighbourhoodCleaningRule,0,,0.46912301615454466,0.5308769838454553,115,"{'classifier': {'C': 32.9236671547764, 'coef0': -0.9976341737728309, 'degree': 4, 'gamma': 'scale', 'gamma_value': 0.4314838069774561, 'kernel': 'sigmoid', 'name': 'SVM', 'probability': False, 'random_state': 39, 'shrinking': False, 'tol': 0.037696931646317246}, 'sub': {'n_neighbors': 8, 'smo_grp': 'UNDER', 'threshold_cleaning': 0.08801486531275204, 'type': 'NeighbourhoodCleaningRule'}}"
116,0.8656938316467817,398.55046224594116,UNDER,AllKNN,0,,0.15978454033062062,0.8402154596693794,116,"{'classifier': {'C': 53.75770324181328, 'l1_ratio': 0.39281701922878104, 'name': 'LR', 'penalty_solver': 'l2+liblinear', 'random_state': 39, 'tol': 0.001200955348683769}, 'sub': {'allow_minority': True, 'kind_sel': 'all', 'n_neighbors': 15, 'smo_grp': 'UNDER', 'type': 'AllKNN'}}"
117,0.8656938316467817,409.759268283844,UNDER,CondensedNearestNeighbour,0,,0.24144072758883384,0.7585592724111662,117,"{'classifier': {'C': 3.434772226628064, 'l1_ratio': 0.7468926026869416, 'name': 'LR', 'penalty_solver': 'l1+liblinear', 'random_state': 39, 'tol': 0.08019448830440827}, 'sub': {'n_neighbors': 13, 'n_seeds_S': 24, 'random_state': 39, 'smo_grp': 'UNDER', 'type': 'CondensedNearestNeighbour'}}"
118,0.8656938316467817,409.8192296028137,NO,NO,0,,0.8669104212914781,0.13308957870852187,118,"{'classifier': {'criterion': 'entropy', 'max_depth': 7, 'max_features': 'sqrt', 'min_samples_leaf': 10, 'min_samples_split': 2, 'name': 'DTC', 'random_state': 39}, 'sub': {'smo_grp': 'NO', 'type': 'NO'}}"
119,0.8656938316467817,409.92452216148376,OVER,KMeansSMOTE,1,No clusters found with sufficient samples of class 1. Try lowering the cluster_balance_threshold or increasing the number of clusters.,1.0,0.0,119,"{'classifier': {'C': 161.91674586842998, 'coef0': -0.3771247820121233, 'degree': 4, 'gamma': 'auto', 'gamma_value': 7.625006015036437, 'kernel': 'poly', 'name': 'SVM', 'probability': False, 'random_state': 39, 'shrinking': True, 'tol': 0.06792537877934934}, 'sub': {'cluster_balance_threshold': 0.8651482655030529, 'k_neighbors': 2, 'random_state': 39, 'smo_grp': 'OVER', 'type': 'KMeansSMOTE'}}"
120,0.8656938316467817,410.027494430542,OVER,KMeansSMOTE,1,No clusters found with sufficient samples of class 1. Try lowering the cluster_balance_threshold or increasing the number of clusters.,1.0,0.0,120,"{'classifier': {'algorithm': 'auto', 'n_neighbors': 16, 'name': 'KNN', 'p': 19, 'random_state': 39, 'weights': 'uniform'}, 'sub': {'cluster_balance_threshold': 0.08707218827693983, 'k_neighbors': 9, 'random_state': 39, 'smo_grp': 'OVER', 'type': 'KMeansSMOTE'}}"
121,0.8656938316467817,410.6939172744751,UNDER,NeighbourhoodCleaningRule,0,,0.20774111313244759,0.7922588868675524,121,"{'classifier': {'C': 41.19349382861365, 'l1_ratio': 0.3197512523742147, 'name': 'LR', 'penalty_solver': 'l2+liblinear', 'random_state': 39, 'tol': 0.02955067732868354}, 'sub': {'n_neighbors': 10, 'smo_grp': 'UNDER', 'threshold_cleaning': 0.14506230932558695, 'type': 'NeighbourhoodCleaningRule'}}"
122,0.8656938316467817,411.74126148223877,NO,NO,0,,0.4362351538286525,0.5637648461713475,122,"{'classifier': {'bootstrap': False, 'class_weight': 'balanced', 'criterion': 'gini', 'max_features': 'log2', 'min_samples_leaf': 10, 'min_samples_split': 10, 'n_estimators': 28, 'name': 'RF', 'random_state': 39}, 'sub': {'smo_grp': 'NO', 'type': 'NO'}}"
123,0.8656938316467817,412.1864161491394,UNDER,NeighbourhoodCleaningRule,0,,0.47132057507600833,0.5286794249239917,123,"{'classifier': {'C': 97.12439691098642, 'coef0': -0.3675248208917452, 'degree': 4, 'gamma': 'scale', 'gamma_value': 2.571344092409223, 'kernel': 'poly', 'name': 'SVM', 'probability': False, 'random_state': 39, 'shrinking': False, 'tol': 0.00023630191260466964}, 'sub': {'n_neighbors': 12, 'smo_grp': 'UNDER', 'threshold_cleaning': 0.4513596704444842, 'type': 'NeighbourhoodCleaningRule'}}"
124,0.8656938316467817,412.57010769844055,UNDER,RandomUnderSampler,0,,0.32490865076149866,0.6750913492385013,124,"{'classifier': {'algorithm': 'ball_tree', 'n_neighbors': 10, 'name': 'KNN', 'p': 8, 'random_state': 39, 'weights': 'uniform'}, 'sub': {'random_state': 39, 'replacement': False, 'smo_grp': 'UNDER', 'type': 'RandomUnderSampler'}}"
125,0.8656938316467817,412.7334384918213,UNDER,TomekLinks,0,,0.27453985816881,0.72546014183119,125,"{'classifier': {'C': 99.51666684346392, 'l1_ratio': 0.8539021994915836, 'name': 'LR', 'penalty_solver': 'l2+liblinear', 'random_state': 39, 'tol': 0.014550378728567247}, 'sub': {'smo_grp': 'UNDER', 'type': 'TomekLinks'}}"
126,0.8656938316467817,415.58874678611755,UNDER,ClusterCentroids,0,,0.24760728372347252,0.7523927162765275,126,"{'classifier': {'C': 44.18753260046392, 'l1_ratio': 0.061731487577863, 'name': 'LR', 'penalty_solver': 'l2+saga', 'random_state': 39, 'tol': 0.06467037864158977}, 'sub': {'estimator': 'MiniBatchKMeans', 'random_state': 39, 'smo_grp': 'UNDER', 'type': 'ClusterCentroids', 'voting': 'soft'}}"
127,0.8656938316467817,416.1015121936798,UNDER,InstanceHardnessThreshold,0,,0.59416125197064,0.40583874802936004,127,"{'classifier': {'C': 117.19443975953548, 'coef0': -0.11051374679540071, 'degree': 4, 'gamma': 'value', 'gamma_value': 6.273479493035657, 'kernel': 'poly', 'name': 'SVM', 'probability': False, 'random_state': 39, 'shrinking': True, 'tol': 0.042225332937626425}, 'sub': {'cv': 2, 'estimator': 'knn', 'random_state': 39, 'smo_grp': 'UNDER', 'type': 'InstanceHardnessThreshold'}}"
128,0.8656938316467817,441.5464427471161,UNDER,ClusterCentroids,0,,0.40098369749988394,0.5990163025001161,128,"{'classifier': {'C': 111.07764070043352, 'coef0': 0.08808733663974078, 'degree': 2, 'gamma': 'scale', 'gamma_value': 7.198384310627386, 'kernel': 'sigmoid', 'name': 'SVM', 'probability': False, 'random_state': 39, 'shrinking': False, 'tol': 0.08058263425604183}, 'sub': {'estimator': 'KMeans', 'random_state': 39, 'smo_grp': 'UNDER', 'type': 'ClusterCentroids', 'voting': 'soft'}}"
129,0.8656938316467817,460.04888010025024,UNDER,ClusterCentroids,0,,0.29114358108717175,0.7088564189128282,129,"{'classifier': {'algorithm': 'ball_tree', 'n_neighbors': 34, 'name': 'KNN', 'p': 10, 'random_state': 39, 'weights': 'distance'}, 'sub': {'estimator': 'KMeans', 'random_state': 39, 'smo_grp': 'UNDER', 'type': 'ClusterCentroids', 'voting': 'soft'}}"
130,0.8656938316467817,462.62049102783203,UNDER,RepeatedEditedNearestNeighbours,0,,0.3568277129005104,0.6431722870994896,130,"{'classifier': {'bootstrap': False, 'class_weight': None, 'criterion': 'entropy', 'max_features': 1, 'min_samples_leaf': 18, 'min_samples_split': 7, 'n_estimators': 65, 'name': 'RF', 'random_state': 39}, 'sub': {'kind_sel': 'all', 'n_neighbors': 15, 'smo_grp': 'UNDER', 'type': 'RepeatedEditedNearestNeighbours'}}"
131,0.8656938316467817,463.197390794754,UNDER,OneSidedSelection,0,,0.46027430881053766,0.5397256911894623,131,"{'classifier': {'C': 11.343387594283392, 'l1_ratio': 0.5820374660309205, 'name': 'LR', 'penalty_solver': 'none+saga', 'random_state': 39, 'tol': 0.039545631002123265}, 'sub': {'n_neighbors': 3, 'n_seeds_S': 14, 'random_state': 39, 'smo_grp': 'UNDER', 'type': 'OneSidedSelection'}}"
132,0.8656938316467817,465.52142810821533,UNDER,NearMiss,0,,0.4542697537037743,0.5457302462962257,132,"{'classifier': {'bootstrap': False, 'class_weight': None, 'criterion': 'entropy', 'max_features': 'log2', 'min_samples_leaf': 2, 'min_samples_split': 13, 'n_estimators': 88, 'name': 'RF', 'random_state': 39}, 'sub': {'n_neighbors': 6, 'n_neighbors_ver3': 2, 'smo_grp': 'UNDER', 'type': 'NearMiss', 'version': 1}}"
133,0.8656938316467817,466.09180545806885,UNDER,OneSidedSelection,0,,0.6557297431017687,0.3442702568982313,133,"{'classifier': {'C': 52.3038707655097, 'coef0': 0.9553726947275736, 'degree': 3, 'gamma': 'scale', 'gamma_value': 0.5116926087676186, 'kernel': 'sigmoid', 'name': 'SVM', 'probability': False, 'random_state': 39, 'shrinking': True, 'tol': 0.0822465515245631}, 'sub': {'n_neighbors': 8, 'n_seeds_S': 18, 'random_state': 39, 'smo_grp': 'UNDER', 'type': 'OneSidedSelection'}}"
134,0.8656938316467817,466.68923592567444,OVER,SMOTE,0,,0.4704376190241111,0.5295623809758889,134,"{'classifier': {'C': 182.7371008959454, 'coef0': 0.2543011232748189, 'degree': 2, 'gamma': 'value', 'gamma_value': 7.176586187994158, 'kernel': 'sigmoid', 'name': 'SVM', 'probability': False, 'random_state': 39, 'shrinking': False, 'tol': 0.07274038205982558}, 'sub': {'k_neighbors': 6, 'random_state': 39, 'smo_grp': 'OVER', 'type': 'SMOTE'}}"
135,0.8656938316467817,469.3701922893524,COMBINE,SMOTETomek,0,,0.46919335579704413,0.5308066442029559,135,"{'classifier': {'C': 155.5242644265196, 'coef0': -0.5715141319987642, 'degree': 2, 'gamma': 'auto', 'gamma_value': 0.9009442694559955, 'kernel': 'sigmoid', 'name': 'SVM', 'probability': True, 'random_state': 39, 'shrinking': False, 'tol': 0.05985877827987315}, 'sub': {'random_state': 39, 'smo_grp': 'COMBINE', 'type': 'SMOTETomek'}}"
136,0.8656938316467817,474.4295778274536,UNDER,RepeatedEditedNearestNeighbours,0,,0.6545346323107024,0.3454653676892976,136,"{'classifier': {'bootstrap': True, 'class_weight': None, 'criterion': 'entropy', 'max_features': 'sqrt', 'min_samples_leaf': 4, 'min_samples_split': 12, 'n_estimators': 126, 'name': 'RF', 'random_state': 39}, 'sub': {'kind_sel': 'mode', 'n_neighbors': 12, 'smo_grp': 'UNDER', 'type': 'RepeatedEditedNearestNeighbours'}}"
137,0.8656938316467817,475.1099908351898,UNDER,NeighbourhoodCleaningRule,0,,0.22069215941435738,0.7793078405856426,137,"{'classifier': {'C': 195.00614074921222, 'coef0': 0.1793933629128699, 'degree': 2, 'gamma': 'auto', 'gamma_value': 3.46461567260963, 'kernel': 'poly', 'name': 'SVM', 'probability': False, 'random_state': 39, 'shrinking': False, 'tol': 0.06990553938809212}, 'sub': {'n_neighbors': 14, 'smo_grp': 'UNDER', 'threshold_cleaning': 0.11600982430734474, 'type': 'NeighbourhoodCleaningRule'}}"
138,0.8656938316467817,475.3300325870514,UNDER,NearMiss,0,,0.3872052370610166,0.6127947629389834,138,"{'classifier': {'algorithm': 'brute', 'n_neighbors': 23, 'name': 'KNN', 'p': 7, 'random_state': 39, 'weights': 'distance'}, 'sub': {'n_neighbors': 15, 'n_neighbors_ver3': 18, 'smo_grp': 'UNDER', 'type': 'NearMiss', 'version': 1}}"
139,0.8656938316467817,475.4035577774048,NO,NO,0,,0.9292893218813453,0.07071067811865475,139,"{'classifier': {'criterion': 'gini', 'max_depth': 12, 'max_features': 'log2', 'min_samples_leaf': 16, 'min_samples_split': 16, 'name': 'DTC', 'random_state': 39}, 'sub': {'smo_grp': 'NO', 'type': 'NO'}}"
140,0.8656938316467817,475.6701798439026,OVER,ADASYN,0,,0.29012487697521716,0.7098751230247828,140,"{'classifier': {'algorithm': 'brute', 'n_neighbors': 40, 'name': 'KNN', 'p': 1, 'random_state': 39, 'weights': 'uniform'}, 'sub': {'n_neighbors': 2, 'random_state': 39, 'smo_grp': 'OVER', 'type': 'ADASYN'}}"
141,0.8656938316467817,481.6296741962433,OVER,BorderlineSMOTE,0,,0.39371075599247773,0.6062892440075223,141,"{'classifier': {'bootstrap': True, 'class_weight': 'balanced_subsample', 'criterion': 'entropy', 'max_features': 1, 'min_samples_leaf': 5, 'min_samples_split': 2, 'n_estimators': 86, 'name': 'RF', 'random_state': 39}, 'sub': {'k_neighbors': 6, 'kind': 'borderline-1', 'm_neighbors': 7, 'random_state': 39, 'smo_grp': 'OVER', 'type': 'BorderlineSMOTE'}}"
142,0.8656938316467817,482.6666853427887,UNDER,TomekLinks,0,,1.0,0.0,142,"{'classifier': {'bootstrap': False, 'class_weight': None, 'criterion': 'entropy', 'max_features': 'log2', 'min_samples_leaf': 19, 'min_samples_split': 18, 'n_estimators': 26, 'name': 'RF', 'random_state': 39}, 'sub': {'smo_grp': 'UNDER', 'type': 'TomekLinks'}}"
143,0.8656938316467817,483.8433747291565,UNDER,AllKNN,0,,0.35069989229689824,0.6493001077031018,143,"{'classifier': {'criterion': 'entropy', 'max_depth': 4, 'max_features': 'log2', 'min_samples_leaf': 14, 'min_samples_split': 14, 'name': 'DTC', 'random_state': 39}, 'sub': {'allow_minority': True, 'kind_sel': 'all', 'n_neighbors': 15, 'smo_grp': 'UNDER', 'type': 'AllKNN'}}"
144,0.8656938316467817,484.4548318386078,OVER,SMOTE,0,,0.6153413797200332,0.3846586202799668,144,"{'classifier': {'C': 47.43939910837822, 'coef0': -0.8547159330861198, 'degree': 3, 'gamma': 'value', 'gamma_value': 2.0024871250957768, 'kernel': 'rbf', 'name': 'SVM', 'probability': False, 'random_state': 39, 'shrinking': True, 'tol': 0.06298058959110418}, 'sub': {'k_neighbors': 6, 'random_state': 39, 'smo_grp': 'OVER', 'type': 'SMOTE'}}"
145,0.8656938316467817,486.9347941875458,UNDER,ClusterCentroids,0,,0.4208887629509488,0.5791112370490512,145,"{'classifier': {'C': 59.97235815304906, 'coef0': -0.4944889092331466, 'degree': 3, 'gamma': 'scale', 'gamma_value': 3.7129628551518676, 'kernel': 'poly', 'name': 'SVM', 'probability': True, 'random_state': 39, 'shrinking': True, 'tol': 0.015348048894757363}, 'sub': {'estimator': 'MiniBatchKMeans', 'random_state': 39, 'smo_grp': 'UNDER', 'type': 'ClusterCentroids', 'voting': 'hard'}}"
146,0.8656938316467817,487.183988571167,NO,NO,0,,0.7475717318118418,0.25242826818815817,146,"{'classifier': {'algorithm': 'ball_tree', 'n_neighbors': 3, 'name': 'KNN', 'p': 2, 'random_state': 39, 'weights': 'uniform'}, 'sub': {'smo_grp': 'NO', 'type': 'NO'}}"
147,0.8656938316467817,488.28241753578186,UNDER,EditedNearestNeighbours,0,,0.6764419232580987,0.3235580767419013,147,"{'classifier': {'algorithm': 'ball_tree', 'n_neighbors': 27, 'name': 'KNN', 'p': 5, 'random_state': 39, 'weights': 'distance'}, 'sub': {'kind_sel': 'all', 'n_neighbors': 15, 'smo_grp': 'UNDER', 'type': 'EditedNearestNeighbours'}}"
148,0.8656938316467817,498.2901873588562,UNDER,NeighbourhoodCleaningRule,0,,0.42966492763106356,0.5703350723689364,148,"{'classifier': {'bootstrap': False, 'class_weight': None, 'criterion': 'entropy', 'max_features': None, 'min_samples_leaf': 1, 'min_samples_split': 12, 'n_estimators': 103, 'name': 'RF', 'random_state': 39}, 'sub': {'n_neighbors': 4, 'smo_grp': 'UNDER', 'threshold_cleaning': 0.7102036096869913, 'type': 'NeighbourhoodCleaningRule'}}"
149,0.8656938316467817,501.97873973846436,UNDER,InstanceHardnessThreshold,0,,0.72600333135652,0.27399666864348005,149,"{'classifier': {'bootstrap': False, 'class_weight': None, 'criterion': 'entropy', 'max_features': 1, 'min_samples_leaf': 5, 'min_samples_split': 3, 'n_estimators': 70, 'name': 'RF', 'random_state': 39}, 'sub': {'cv': 5, 'estimator': 'knn', 'random_state': 39, 'smo_grp': 'UNDER', 'type': 'InstanceHardnessThreshold'}}"
150,0.8656938316467817,507.5076479911804,OVER,SMOTENC,0,,0.3229383249633303,0.6770616750366697,150,"{'classifier': {'bootstrap': True, 'class_weight': None, 'criterion': 'entropy', 'max_features': 'log2', 'min_samples_leaf': 16, 'min_samples_split': 9, 'n_estimators': 59, 'name': 'RF', 'random_state': 39}, 'sub': {'categorical_features': True, 'k_neighbors': 5, 'random_state': 39, 'smo_grp': 'OVER', 'type': 'SMOTENC'}}"
151,0.8656938316467817,523.7252790927887,UNDER,ClusterCentroids,0,,0.3480360989573308,0.6519639010426692,151,"{'classifier': {'algorithm': 'kd_tree', 'n_neighbors': 15, 'name': 'KNN', 'p': 1, 'random_state': 39, 'weights': 'distance'}, 'sub': {'estimator': 'KMeans', 'random_state': 39, 'smo_grp': 'UNDER', 'type': 'ClusterCentroids', 'voting': 'hard'}}"
152,0.8656938316467817,523.8309187889099,OVER,RandomOverSampler,0,,0.16924538414473156,0.8307546158552684,152,"{'classifier': {'C': 67.20715262414268, 'l1_ratio': 0.6583755594201381, 'name': 'LR', 'penalty_solver': 'l2+liblinear', 'random_state': 39, 'tol': 0.0652580029357894}, 'sub': {'random_state': 39, 'smo_grp': 'OVER', 'type': 'RandomOverSampler'}}"
153,0.8656938316467817,524.6551027297974,UNDER,TomekLinks,0,,0.8666666666666667,0.13333333333333333,153,"{'classifier': {'algorithm': 'ball_tree', 'n_neighbors': 9, 'name': 'KNN', 'p': 4, 'random_state': 39, 'weights': 'distance'}, 'sub': {'smo_grp': 'UNDER', 'type': 'TomekLinks'}}"
154,0.8656938316467817,524.7823770046234,UNDER,NearMiss,0,,0.45822008941675363,0.5417799105832464,154,"{'classifier': {'C': 60.19166655611449, 'l1_ratio': 0.08055991935144469, 'name': 'LR', 'penalty_solver': 'l1+saga', 'random_state': 39, 'tol': 0.08959106831327385}, 'sub': {'n_neighbors': 1, 'n_neighbors_ver3': 3, 'smo_grp': 'UNDER', 'type': 'NearMiss', 'version': 2}}"
155,0.8656938316467817,524.9842441082001,UNDER,EditedNearestNeighbours,0,,0.3407797378276023,0.6592202621723977,155,"{'classifier': {'criterion': 'entropy', 'max_depth': 14, 'max_features': None, 'min_samples_leaf': 10, 'min_samples_split': 10, 'name': 'DTC', 'random_state': 39}, 'sub': {'kind_sel': 'all', 'n_neighbors': 17, 'smo_grp': 'UNDER', 'type': 'EditedNearestNeighbours'}}"
156,0.8656938316467817,533.7392377853394,UNDER,OneSidedSelection,0,,0.3930022678134739,0.6069977321865261,156,"{'classifier': {'bootstrap': True, 'class_weight': 'balanced_subsample', 'criterion': 'entropy', 'max_features': 'log2', 'min_samples_leaf': 10, 'min_samples_split': 17, 'n_estimators': 139, 'name': 'RF', 'random_state': 39}, 'sub': {'n_neighbors': 8, 'n_seeds_S': 8, 'random_state': 39, 'smo_grp': 'UNDER', 'type': 'OneSidedSelection'}}"
157,0.8656938316467817,536.8475339412689,UNDER,AllKNN,0,,0.5536117961531442,0.4463882038468558,157,"{'classifier': {'criterion': 'entropy', 'max_depth': 11, 'max_features': 'log2', 'min_samples_leaf': 7, 'min_samples_split': 9, 'name': 'DTC', 'random_state': 39}, 'sub': {'allow_minority': True, 'kind_sel': 'mode', 'n_neighbors': 5, 'smo_grp': 'UNDER', 'type': 'AllKNN'}}"
158,0.8656938316467817,539.2905402183533,UNDER,NearMiss,0,,0.4929805069062294,0.5070194930937706,158,"{'classifier': {'bootstrap': True, 'class_weight': None, 'criterion': 'gini', 'max_features': None, 'min_samples_leaf': 14, 'min_samples_split': 18, 'n_estimators': 66, 'name': 'RF', 'random_state': 39}, 'sub': {'n_neighbors': 8, 'n_neighbors_ver3': 11, 'smo_grp': 'UNDER', 'type': 'NearMiss', 'version': 2}}"
159,0.8656938316467817,541.565554857254,OVER,KMeansSMOTE,1,No clusters found with sufficient samples of class 1. Try lowering the cluster_balance_threshold or increasing the number of clusters.,1.0,0.0,159,"{'classifier': {'bootstrap': True, 'class_weight': None, 'criterion': 'gini', 'max_features': 1, 'min_samples_leaf': 9, 'min_samples_split': 6, 'n_estimators': 122, 'name': 'RF', 'random_state': 39}, 'sub': {'cluster_balance_threshold': 0.1486161429387044, 'k_neighbors': 4, 'random_state': 39, 'smo_grp': 'OVER', 'type': 'KMeansSMOTE'}}"
160,0.8656938316467817,546.9266047477722,UNDER,RepeatedEditedNearestNeighbours,0,,0.2860221830218317,0.7139778169781683,160,"{'classifier': {'bootstrap': True, 'class_weight': 'balanced', 'criterion': 'gini', 'max_features': 'sqrt', 'min_samples_leaf': 7, 'min_samples_split': 3, 'n_estimators': 138, 'name': 'RF', 'random_state': 39}, 'sub': {'kind_sel': 'all', 'n_neighbors': 14, 'smo_grp': 'UNDER', 'type': 'RepeatedEditedNearestNeighbours'}}"
161,0.8656938316467817,546.9982624053955,UNDER,RandomUnderSampler,0,,0.43206298972376034,0.5679370102762397,161,"{'classifier': {'criterion': 'entropy', 'max_depth': 10, 'max_features': 1, 'min_samples_leaf': 16, 'min_samples_split': 5, 'name': 'DTC', 'random_state': 39}, 'sub': {'random_state': 39, 'replacement': False, 'smo_grp': 'UNDER', 'type': 'RandomUnderSampler'}}"
162,0.8656938316467817,551.0421094894409,COMBINE,SMOTEENN,0,,0.31455836772024925,0.6854416322797507,162,"{'classifier': {'bootstrap': True, 'class_weight': 'balanced', 'criterion': 'entropy', 'max_features': 'log2', 'min_samples_leaf': 3, 'min_samples_split': 18, 'n_estimators': 70, 'name': 'RF', 'random_state': 39}, 'sub': {'random_state': 39, 'smo_grp': 'COMBINE', 'type': 'SMOTEENN'}}"
163,0.8656938316467817,561.9521987438202,OVER,SVMSMOTE,0,,0.4616296196169899,0.5383703803830101,163,"{'classifier': {'bootstrap': False, 'class_weight': None, 'criterion': 'gini', 'max_features': None, 'min_samples_leaf': 16, 'min_samples_split': 10, 'n_estimators': 149, 'name': 'RF', 'random_state': 39}, 'sub': {'k_neighbors': 1, 'm_neighbors': 5, 'out_step': 0.8745715080440525, 'random_state': 39, 'smo_grp': 'OVER', 'type': 'SVMSMOTE'}}"
164,0.8656938316467817,562.016529083252,UNDER,RandomUnderSampler,0,,0.3559091785331848,0.6440908214668152,164,"{'classifier': {'criterion': 'entropy', 'max_depth': 2, 'max_features': 'log2', 'min_samples_leaf': 7, 'min_samples_split': 17, 'name': 'DTC', 'random_state': 39}, 'sub': {'random_state': 39, 'replacement': False, 'smo_grp': 'UNDER', 'type': 'RandomUnderSampler'}}"
165,0.8656938316467817,562.2490117549896,UNDER,RandomUnderSampler,0,,0.34370447149879335,0.6562955285012066,165,"{'classifier': {'algorithm': 'ball_tree', 'n_neighbors': 16, 'name': 'KNN', 'p': 17, 'random_state': 39, 'weights': 'distance'}, 'sub': {'random_state': 39, 'replacement': False, 'smo_grp': 'UNDER', 'type': 'RandomUnderSampler'}}"
166,0.8656938316467817,573.9015622138977,UNDER,InstanceHardnessThreshold,0,,0.5718572522482871,0.4281427477517129,166,"{'classifier': {'criterion': 'gini', 'max_depth': 19, 'max_features': None, 'min_samples_leaf': 18, 'min_samples_split': 9, 'name': 'DTC', 'random_state': 39}, 'sub': {'cv': 6, 'estimator': 'adaboost', 'random_state': 39, 'smo_grp': 'UNDER', 'type': 'InstanceHardnessThreshold'}}"
167,0.8656938316467817,578.8137834072113,OVER,RandomOverSampler,0,,0.403048650147693,0.596951349852307,167,"{'classifier': {'bootstrap': False, 'class_weight': 'balanced_subsample', 'criterion': 'entropy', 'max_features': 'log2', 'min_samples_leaf': 13, 'min_samples_split': 14, 'n_estimators': 126, 'name': 'RF', 'random_state': 39}, 'sub': {'random_state': 39, 'smo_grp': 'OVER', 'type': 'RandomOverSampler'}}"
168,0.8656938316467817,579.7360210418701,UNDER,EditedNearestNeighbours,0,,1.0,0.0,168,"{'classifier': {'algorithm': 'auto', 'n_neighbors': 46, 'name': 'KNN', 'p': 9, 'random_state': 39, 'weights': 'distance'}, 'sub': {'kind_sel': 'mode', 'n_neighbors': 19, 'smo_grp': 'UNDER', 'type': 'EditedNearestNeighbours'}}"
169,0.8660261462331356,580.0753235816956,COMBINE,SMOTEENN,0,,0.13397385376686444,0.8660261462331356,169,"{'classifier': {'C': 83.97577798237562, 'l1_ratio': 0.1800766327987308, 'name': 'LR', 'penalty_solver': 'l2+newton-cg', 'random_state': 39, 'tol': 0.014418319696080751}, 'sub': {'random_state': 39, 'smo_grp': 'COMBINE', 'type': 'SMOTEENN'}}"
170,0.8660261462331356,580.2696571350098,OVER,RandomOverSampler,0,,0.14251298309621618,0.8574870169037838,170,"{'classifier': {'C': 53.490775611401205, 'l1_ratio': 0.09545589802380705, 'name': 'LR', 'penalty_solver': 'l2+lbfgs', 'random_state': 39, 'tol': 0.08177730228843112}, 'sub': {'random_state': 39, 'smo_grp': 'OVER', 'type': 'RandomOverSampler'}}"
171,0.8660261462331356,580.871917963028,OVER,SVMSMOTE,0,,0.36274566513562945,0.6372543348643706,171,"{'classifier': {'algorithm': 'kd_tree', 'n_neighbors': 14, 'name': 'KNN', 'p': 10, 'random_state': 39, 'weights': 'uniform'}, 'sub': {'k_neighbors': 5, 'm_neighbors': 8, 'out_step': 0.5104826213483677, 'random_state': 39, 'smo_grp': 'OVER', 'type': 'SVMSMOTE'}}"
172,0.8660261462331356,583.477401971817,COMBINE,SMOTEENN,0,,0.3205428123291093,0.6794571876708907,172,"{'classifier': {'bootstrap': False, 'class_weight': 'balanced_subsample', 'criterion': 'entropy', 'max_features': 'sqrt', 'min_samples_leaf': 15, 'min_samples_split': 5, 'n_estimators': 40, 'name': 'RF', 'random_state': 39}, 'sub': {'random_state': 39, 'smo_grp': 'COMBINE', 'type': 'SMOTEENN'}}"
173,0.8660261462331356,584.1483900547028,UNDER,OneSidedSelection,0,,0.41114479416082195,0.588855205839178,173,"{'classifier': {'C': 67.84615197848026, 'l1_ratio': 0.024764049118882695, 'name': 'LR', 'penalty_solver': 'none+sag', 'random_state': 39, 'tol': 0.029664304461103453}, 'sub': {'n_neighbors': 11, 'n_seeds_S': 4, 'random_state': 39, 'smo_grp': 'UNDER', 'type': 'OneSidedSelection'}}"
174,0.8660261462331356,587.7419278621674,OVER,ADASYN,0,,0.3312308506496353,0.6687691493503647,174,"{'classifier': {'bootstrap': False, 'class_weight': None, 'criterion': 'gini', 'max_features': 'sqrt', 'min_samples_leaf': 12, 'min_samples_split': 14, 'n_estimators': 94, 'name': 'RF', 'random_state': 39}, 'sub': {'n_neighbors': 8, 'random_state': 39, 'smo_grp': 'OVER', 'type': 'ADASYN'}}"
175,0.8660261462331356,587.9569280147552,OVER,BorderlineSMOTE,0,,0.25638687455128306,0.7436131254487169,175,"{'classifier': {'C': 97.12471223648427, 'l1_ratio': 0.878020515249356, 'name': 'LR', 'penalty_solver': 'elasticnet+saga', 'random_state': 39, 'tol': 0.07715090431901811}, 'sub': {'k_neighbors': 5, 'kind': 'borderline-2', 'm_neighbors': 2, 'random_state': 39, 'smo_grp': 'OVER', 'type': 'BorderlineSMOTE'}}"
176,0.8660261462331356,588.1441538333893,COMBINE,SMOTETomek,0,,0.32131154011401264,0.6786884598859874,176,"{'classifier': {'criterion': 'gini', 'max_depth': 5, 'max_features': 1, 'min_samples_leaf': 5, 'min_samples_split': 2, 'name': 'DTC', 'random_state': 39}, 'sub': {'random_state': 39, 'smo_grp': 'COMBINE', 'type': 'SMOTETomek'}}"
177,0.8660261462331356,588.3123753070831,OVER,RandomOverSampler,0,,0.3438748114624708,0.6561251885375292,177,"{'classifier': {'criterion': 'entropy', 'max_depth': 8, 'max_features': 1, 'min_samples_leaf': 13, 'min_samples_split': 7, 'name': 'DTC', 'random_state': 39}, 'sub': {'random_state': 39, 'smo_grp': 'OVER', 'type': 'RandomOverSampler'}}"
178,0.8660261462331356,590.609742641449,OVER,SMOTE,0,,0.2792302023305471,0.7207697976694529,178,"{'classifier': {'algorithm': 'brute', 'n_neighbors': 46, 'name': 'KNN', 'p': 8, 'random_state': 39, 'weights': 'distance'}, 'sub': {'k_neighbors': 9, 'random_state': 39, 'smo_grp': 'OVER', 'type': 'SMOTE'}}"
179,0.8660261462331356,604.7277431488037,UNDER,ClusterCentroids,0,,0.17011887288549377,0.8298811271145062,179,"{'classifier': {'C': 0.1363956892011328, 'l1_ratio': 0.11048266253786253, 'name': 'LR', 'penalty_solver': 'none+lbfgs', 'random_state': 39, 'tol': 0.09886429210100482}, 'sub': {'estimator': 'KMeans', 'random_state': 39, 'smo_grp': 'UNDER', 'type': 'ClusterCentroids', 'voting': 'soft'}}"
180,0.8660261462331356,609.3813264369965,UNDER,RepeatedEditedNearestNeighbours,0,,0.3004540133345597,0.6995459866654403,180,"{'classifier': {'bootstrap': False, 'class_weight': 'balanced_subsample', 'criterion': 'entropy', 'max_features': 1, 'min_samples_leaf': 16, 'min_samples_split': 16, 'n_estimators': 75, 'name': 'RF', 'random_state': 39}, 'sub': {'kind_sel': 'mode', 'n_neighbors': 11, 'smo_grp': 'UNDER', 'type': 'RepeatedEditedNearestNeighbours'}}"
181,0.8660261462331356,610.3063380718231,OVER,SMOTE,0,,0.2826957913524375,0.7173042086475625,181,"{'classifier': {'algorithm': 'auto', 'n_neighbors': 12, 'name': 'KNN', 'p': 3, 'random_state': 39, 'weights': 'distance'}, 'sub': {'k_neighbors': 7, 'random_state': 39, 'smo_grp': 'OVER', 'type': 'SMOTE'}}"
182,0.8660261462331356,610.9851784706116,UNDER,OneSidedSelection,0,,0.8635644650386454,0.1364355349613547,182,"{'classifier': {'C': 126.29210913630098, 'coef0': -0.8457996174235096, 'degree': 2, 'gamma': 'value', 'gamma_value': 1.3971953944732955, 'kernel': 'sigmoid', 'name': 'SVM', 'probability': False, 'random_state': 39, 'shrinking': False, 'tol': 0.07468651761248471}, 'sub': {'n_neighbors': 17, 'n_seeds_S': 3, 'random_state': 39, 'smo_grp': 'UNDER', 'type': 'OneSidedSelection'}}"
183,0.8660261462331356,627.2428760528564,UNDER,ClusterCentroids,0,,0.45549238956912697,0.544507610430873,183,"{'classifier': {'criterion': 'entropy', 'max_depth': 5, 'max_features': 'sqrt', 'min_samples_leaf': 7, 'min_samples_split': 13, 'name': 'DTC', 'random_state': 39}, 'sub': {'estimator': 'KMeans', 'random_state': 39, 'smo_grp': 'UNDER', 'type': 'ClusterCentroids', 'voting': 'soft'}}"
184,0.8660261462331356,627.6338956356049,OVER,SMOTENC,0,,0.4195676693357322,0.5804323306642678,184,"{'classifier': {'criterion': 'gini', 'max_depth': 16, 'max_features': 'log2', 'min_samples_leaf': 14, 'min_samples_split': 9, 'name': 'DTC', 'random_state': 39}, 'sub': {'categorical_features': True, 'k_neighbors': 1, 'random_state': 39, 'smo_grp': 'OVER', 'type': 'SMOTENC'}}"
185,0.8660261462331356,628.4884586334229,NO,NO,0,,0.601780298592864,0.398219701407136,185,"{'classifier': {'algorithm': 'brute', 'n_neighbors': 1, 'name': 'KNN', 'p': 4, 'random_state': 39, 'weights': 'uniform'}, 'sub': {'smo_grp': 'NO', 'type': 'NO'}}"
186,0.8660261462331356,628.7090058326721,UNDER,RandomUnderSampler,0,,0.1801422397411946,0.8198577602588054,186,"{'classifier': {'C': 47.0829591525328, 'l1_ratio': 0.18691345065456638, 'name': 'LR', 'penalty_solver': 'l2+newton-cg', 'random_state': 39, 'tol': 0.03699317035337519}, 'sub': {'random_state': 39, 'replacement': False, 'smo_grp': 'UNDER', 'type': 'RandomUnderSampler'}}"
187,0.8660261462331356,629.1418359279633,UNDER,EditedNearestNeighbours,0,,1.0,0.0,187,"{'classifier': {'algorithm': 'auto', 'n_neighbors': 30, 'name': 'KNN', 'p': 0, 'random_state': 39, 'weights': 'distance'}, 'sub': {'kind_sel': 'mode', 'n_neighbors': 16, 'smo_grp': 'UNDER', 'type': 'EditedNearestNeighbours'}}"
188,0.8660261462331356,629.405154466629,UNDER,InstanceHardnessThreshold,0,,0.37226804467331065,0.6277319553266894,188,"{'classifier': {'C': 82.03157615333305, 'l1_ratio': 0.7042225136072507, 'name': 'LR', 'penalty_solver': 'none+sag', 'random_state': 39, 'tol': 0.05026571336346178}, 'sub': {'cv': 6, 'estimator': 'knn', 'random_state': 39, 'smo_grp': 'UNDER', 'type': 'InstanceHardnessThreshold'}}"
189,0.8660261462331356,629.9580280780792,OVER,SMOTE,0,,0.47038905805794773,0.5296109419420523,189,"{'classifier': {'C': 42.531138541163614, 'coef0': 0.4790537121861511, 'degree': 2, 'gamma': 'auto', 'gamma_value': 3.941986403104811, 'kernel': 'sigmoid', 'name': 'SVM', 'probability': False, 'random_state': 39, 'shrinking': False, 'tol': 0.09214482540830989}, 'sub': {'k_neighbors': 8, 'random_state': 39, 'smo_grp': 'OVER', 'type': 'SMOTE'}}"
190,0.8660261462331356,630.358788728714,OVER,SVMSMOTE,0,,0.5062890410724237,0.4937109589275764,190,"{'classifier': {'criterion': 'gini', 'max_depth': 11, 'max_features': None, 'min_samples_leaf': 1, 'min_samples_split': 2, 'name': 'DTC', 'random_state': 39}, 'sub': {'k_neighbors': 5, 'm_neighbors': 4, 'out_step': 0.6485949996601659, 'random_state': 39, 'smo_grp': 'OVER', 'type': 'SVMSMOTE'}}"
191,0.8660261462331356,635.8695483207703,OVER,SMOTE,0,,0.14432422390761646,0.8556757760923835,191,"{'classifier': {'C': 106.42354549893037, 'coef0': -0.3111341079488086, 'degree': 2, 'gamma': 'scale', 'gamma_value': 1.3358820355555028, 'kernel': 'linear', 'name': 'SVM', 'probability': True, 'random_state': 39, 'shrinking': True, 'tol': 0.03455413042941693}, 'sub': {'k_neighbors': 9, 'random_state': 39, 'smo_grp': 'OVER', 'type': 'SMOTE'}}"
192,0.8660261462331356,649.248566865921,UNDER,InstanceHardnessThreshold,0,,0.5282461949270563,0.4717538050729437,192,"{'classifier': {'C': 80.16141510453032, 'coef0': 0.44618452365466466, 'degree': 4, 'gamma': 'scale', 'gamma_value': 1.1092553554315565, 'kernel': 'poly', 'name': 'SVM', 'probability': False, 'random_state': 39, 'shrinking': False, 'tol': 0.004509010455720259}, 'sub': {'cv': 9, 'estimator': 'adaboost', 'random_state': 39, 'smo_grp': 'UNDER', 'type': 'InstanceHardnessThreshold'}}"
193,0.8660261462331356,652.277722120285,UNDER,AllKNN,0,,0.9029418223173726,0.09705817768262735,193,"{'classifier': {'bootstrap': True, 'class_weight': None, 'criterion': 'entropy', 'max_features': 'log2', 'min_samples_leaf': 16, 'min_samples_split': 19, 'n_estimators': 115, 'name': 'RF', 'random_state': 39}, 'sub': {'allow_minority': True, 'kind_sel': 'all', 'n_neighbors': 6, 'smo_grp': 'UNDER', 'type': 'AllKNN'}}"
194,0.8660261462331356,652.7898585796356,UNDER,OneSidedSelection,0,,1.0,0.0,194,"{'classifier': {'algorithm': 'auto', 'n_neighbors': 41, 'name': 'KNN', 'p': 2, 'random_state': 39, 'weights': 'uniform'}, 'sub': {'n_neighbors': 18, 'n_seeds_S': 8, 'random_state': 39, 'smo_grp': 'UNDER', 'type': 'OneSidedSelection'}}"
195,0.8660261462331356,653.0327634811401,UNDER,NearMiss,0,,0.656155680562146,0.34384431943785404,195,"{'classifier': {'algorithm': 'auto', 'n_neighbors': 44, 'name': 'KNN', 'p': 17, 'random_state': 39, 'weights': 'uniform'}, 'sub': {'n_neighbors': 1, 'n_neighbors_ver3': 19, 'smo_grp': 'UNDER', 'type': 'NearMiss', 'version': 2}}"
196,0.8660261462331356,654.2283406257629,OVER,BorderlineSMOTE,0,,0.16275443942835177,0.8372455605716482,196,"{'classifier': {'C': 65.9483203457839, 'coef0': 0.4067679472614838, 'degree': 3, 'gamma': 'value', 'gamma_value': 3.6683898069593797, 'kernel': 'linear', 'name': 'SVM', 'probability': False, 'random_state': 39, 'shrinking': False, 'tol': 0.01911205736825428}, 'sub': {'k_neighbors': 9, 'kind': 'borderline-1', 'm_neighbors': 2, 'random_state': 39, 'smo_grp': 'OVER', 'type': 'BorderlineSMOTE'}}"
197,0.8660261462331356,656.5473585128784,UNDER,RepeatedEditedNearestNeighbours,0,,0.4860427154727578,0.5139572845272422,197,"{'classifier': {'bootstrap': True, 'class_weight': 'balanced', 'criterion': 'gini', 'max_features': 'sqrt', 'min_samples_leaf': 3, 'min_samples_split': 17, 'n_estimators': 77, 'name': 'RF', 'random_state': 39}, 'sub': {'kind_sel': 'mode', 'n_neighbors': 19, 'smo_grp': 'UNDER', 'type': 'RepeatedEditedNearestNeighbours'}}"
198,0.8660261462331356,656.8953771591187,COMBINE,SMOTETomek,0,,0.3385851500435503,0.6614148499564497,198,"{'classifier': {'criterion': 'entropy', 'max_depth': 10, 'max_features': None, 'min_samples_leaf': 15, 'min_samples_split': 11, 'name': 'DTC', 'random_state': 39}, 'sub': {'random_state': 39, 'smo_grp': 'COMBINE', 'type': 'SMOTETomek'}}"
199,0.8660261462331356,657.3091259002686,UNDER,InstanceHardnessThreshold,0,,0.6535639891791349,0.346436010820865,199,"{'classifier': {'C': 143.64851747458388, 'coef0': -0.694387918235194, 'degree': 4, 'gamma': 'value', 'gamma_value': 6.690722312198, 'kernel': 'sigmoid', 'name': 'SVM', 'probability': True, 'random_state': 39, 'shrinking': True, 'tol': 0.011186950626888207}, 'sub': {'cv': 2, 'estimator': 'decision-tree', 'random_state': 39, 'smo_grp': 'UNDER', 'type': 'InstanceHardnessThreshold'}}"
200,0.8660261462331356,657.7009978294373,UNDER,RepeatedEditedNearestNeighbours,0,,0.5075554688066434,0.4924445311933566,200,"{'classifier': {'C': 30.929036953526047, 'l1_ratio': 0.5970606662152391, 'name': 'LR', 'penalty_solver': 'elasticnet+saga', 'random_state': 39, 'tol': 0.05774592421454998}, 'sub': {'kind_sel': 'mode', 'n_neighbors': 19, 'smo_grp': 'UNDER', 'type': 'RepeatedEditedNearestNeighbours'}}"
201,0.8660261462331356,658.7236502170563,OVER,RandomOverSampler,0,,0.2896838104699251,0.7103161895300749,201,"{'classifier': {'C': 75.0505313915372, 'coef0': -0.3912804678327886, 'degree': 3, 'gamma': 'value', 'gamma_value': 4.611150168868757, 'kernel': 'linear', 'name': 'SVM', 'probability': False, 'random_state': 39, 'shrinking': True, 'tol': 0.09961496313456682}, 'sub': {'random_state': 39, 'smo_grp': 'OVER', 'type': 'RandomOverSampler'}}"
202,0.8660261462331356,659.0315928459167,UNDER,EditedNearestNeighbours,0,,1.0,0.0,202,"{'classifier': {'criterion': 'gini', 'max_depth': 5, 'max_features': 1, 'min_samples_leaf': 12, 'min_samples_split': 11, 'name': 'DTC', 'random_state': 39}, 'sub': {'kind_sel': 'mode', 'n_neighbors': 6, 'smo_grp': 'UNDER', 'type': 'EditedNearestNeighbours'}}"
203,0.8660261462331356,667.3819770812988,UNDER,ClusterCentroids,0,,0.2837637837737168,0.7162362162262832,203,"{'classifier': {'bootstrap': True, 'class_weight': 'balanced', 'criterion': 'entropy', 'max_features': 'sqrt', 'min_samples_leaf': 13, 'min_samples_split': 18, 'n_estimators': 41, 'name': 'RF', 'random_state': 39}, 'sub': {'estimator': 'KMeans', 'random_state': 39, 'smo_grp': 'UNDER', 'type': 'ClusterCentroids', 'voting': 'soft'}}"
204,0.8660261462331356,667.7137281894684,UNDER,RepeatedEditedNearestNeighbours,0,,0.6950215106474178,0.3049784893525822,204,"{'classifier': {'C': 1.056951935819659, 'coef0': 0.6142332684430436, 'degree': 3, 'gamma': 'auto', 'gamma_value': 3.8507482267665316, 'kernel': 'sigmoid', 'name': 'SVM', 'probability': False, 'random_state': 39, 'shrinking': True, 'tol': 0.07326887752754759}, 'sub': {'kind_sel': 'all', 'n_neighbors': 2, 'smo_grp': 'UNDER', 'type': 'RepeatedEditedNearestNeighbours'}}"
205,0.8660261462331356,670.4600143432617,UNDER,NeighbourhoodCleaningRule,0,,0.2653699435877216,0.7346300564122784,205,"{'classifier': {'bootstrap': False, 'class_weight': 'balanced_subsample', 'criterion': 'entropy', 'max_features': 'log2', 'min_samples_leaf': 17, 'min_samples_split': 13, 'n_estimators': 103, 'name': 'RF', 'random_state': 39}, 'sub': {'n_neighbors': 12, 'smo_grp': 'UNDER', 'threshold_cleaning': 0.4651261623737153, 'type': 'NeighbourhoodCleaningRule'}}"
206,0.8660261462331356,670.5620996952057,UNDER,NearMiss,0,,0.3181280086931302,0.6818719913068698,206,"{'classifier': {'C': 39.15770478776193, 'l1_ratio': 0.4363193252348683, 'name': 'LR', 'penalty_solver': 'none+sag', 'random_state': 39, 'tol': 0.02258474643490478}, 'sub': {'n_neighbors': 19, 'n_neighbors_ver3': 17, 'smo_grp': 'UNDER', 'type': 'NearMiss', 'version': 1}}"
207,0.8660261462331356,674.3781707286835,UNDER,AllKNN,0,,0.412636865575453,0.587363134424547,207,"{'classifier': {'C': 28.796964478826865, 'l1_ratio': 0.7494532476399287, 'name': 'LR', 'penalty_solver': 'l2+saga', 'random_state': 39, 'tol': 0.003632339625705142}, 'sub': {'allow_minority': False, 'kind_sel': 'mode', 'n_neighbors': 9, 'smo_grp': 'UNDER', 'type': 'AllKNN'}}"
208,0.8660261462331356,689.4110825061798,UNDER,CondensedNearestNeighbour,0,,0.6776190746203499,0.32238092537965013,208,"{'classifier': {'algorithm': 'ball_tree', 'n_neighbors': 8, 'name': 'KNN', 'p': 3, 'random_state': 39, 'weights': 'uniform'}, 'sub': {'n_neighbors': 3, 'n_seeds_S': 22, 'random_state': 39, 'smo_grp': 'UNDER', 'type': 'CondensedNearestNeighbour'}}"
209,0.8660261462331356,690.1237187385559,UNDER,RepeatedEditedNearestNeighbours,0,,0.9298035881836966,0.0701964118163034,209,"{'classifier': {'criterion': 'entropy', 'max_depth': 6, 'max_features': 'log2', 'min_samples_leaf': 16, 'min_samples_split': 19, 'name': 'DTC', 'random_state': 39}, 'sub': {'kind_sel': 'mode', 'n_neighbors': 10, 'smo_grp': 'UNDER', 'type': 'RepeatedEditedNearestNeighbours'}}"
210,0.8660261462331356,692.2906198501587,OVER,KMeansSMOTE,0,,0.41090308123747077,0.5890969187625292,210,"{'classifier': {'algorithm': 'auto', 'n_neighbors': 17, 'name': 'KNN', 'p': 18, 'random_state': 39, 'weights': 'uniform'}, 'sub': {'cluster_balance_threshold': 0.04784220870126083, 'k_neighbors': 7, 'random_state': 39, 'smo_grp': 'OVER', 'type': 'KMeansSMOTE'}}"
211,0.8660261462331356,692.5221273899078,UNDER,TomekLinks,0,,0.7434569479126794,0.2565430520873207,211,"{'classifier': {'criterion': 'entropy', 'max_depth': 5, 'max_features': 'sqrt', 'min_samples_leaf': 2, 'min_samples_split': 5, 'name': 'DTC', 'random_state': 39}, 'sub': {'smo_grp': 'UNDER', 'type': 'TomekLinks'}}"
212,0.8660261462331356,693.3441059589386,UNDER,RepeatedEditedNearestNeighbours,0,,1.0,0.0,212,"{'classifier': {'algorithm': 'auto', 'n_neighbors': 47, 'name': 'KNN', 'p': 2, 'random_state': 39, 'weights': 'uniform'}, 'sub': {'kind_sel': 'all', 'n_neighbors': 8, 'smo_grp': 'UNDER', 'type': 'RepeatedEditedNearestNeighbours'}}"
213,0.8660261462331356,693.8236429691315,UNDER,TomekLinks,0,,0.6514265049025079,0.3485734950974921,213,"{'classifier': {'C': 111.90642602932654, 'coef0': 0.7180186086700338, 'degree': 2, 'gamma': 'value', 'gamma_value': 3.0109239452123164, 'kernel': 'sigmoid', 'name': 'SVM', 'probability': True, 'random_state': 39, 'shrinking': True, 'tol': 0.055967795485402844}, 'sub': {'smo_grp': 'UNDER', 'type': 'TomekLinks'}}"
214,0.8660261462331356,694.638468503952,OVER,ADASYN,0,,0.2778591687626294,0.7221408312373706,214,"{'classifier': {'algorithm': 'kd_tree', 'n_neighbors': 45, 'name': 'KNN', 'p': 14, 'random_state': 39, 'weights': 'uniform'}, 'sub': {'n_neighbors': 6, 'random_state': 39, 'smo_grp': 'OVER', 'type': 'ADASYN'}}"
215,0.8660261462331356,715.3371155261993,UNDER,InstanceHardnessThreshold,0,,0.9148743469241252,0.08512565307587486,215,"{'classifier': {'C': 71.76501793643759, 'coef0': -0.5732091320863446, 'degree': 4, 'gamma': 'auto', 'gamma_value': 5.806634919935121, 'kernel': 'poly', 'name': 'SVM', 'probability': True, 'random_state': 39, 'shrinking': True, 'tol': 0.059739337487854885}, 'sub': {'cv': 6, 'estimator': None, 'random_state': 39, 'smo_grp': 'UNDER', 'type': 'InstanceHardnessThreshold'}}"
216,0.8660261462331356,715.4625849723816,NO,NO,0,,1.0,0.0,216,"{'classifier': {'criterion': 'gini', 'max_depth': 2, 'max_features': 1, 'min_samples_leaf': 1, 'min_samples_split': 5, 'name': 'DTC', 'random_state': 39}, 'sub': {'smo_grp': 'NO', 'type': 'NO'}}"
217,0.8660261462331356,716.5288851261139,UNDER,EditedNearestNeighbours,0,,0.7447211915460915,0.2552788084539085,217,"{'classifier': {'C': 152.0369845162493, 'coef0': -0.9330822015755666, 'degree': 4, 'gamma': 'value', 'gamma_value': 3.3827840895268944, 'kernel': 'sigmoid', 'name': 'SVM', 'probability': True, 'random_state': 39, 'shrinking': False, 'tol': 0.04115966510068207}, 'sub': {'kind_sel': 'mode', 'n_neighbors': 9, 'smo_grp': 'UNDER', 'type': 'EditedNearestNeighbours'}}"
218,0.8660261462331356,717.6715540885925,UNDER,RepeatedEditedNearestNeighbours,0,,0.4403472942952814,0.5596527057047186,218,"{'classifier': {'algorithm': 'auto', 'n_neighbors': 30, 'name': 'KNN', 'p': 12, 'random_state': 39, 'weights': 'distance'}, 'sub': {'kind_sel': 'all', 'n_neighbors': 18, 'smo_grp': 'UNDER', 'type': 'RepeatedEditedNearestNeighbours'}}"
219,0.8660261462331356,718.4074115753174,UNDER,RandomUnderSampler,0,,0.30067628687772674,0.6993237131222733,219,"{'classifier': {'bootstrap': True, 'class_weight': 'balanced', 'criterion': 'entropy', 'max_features': 'log2', 'min_samples_leaf': 18, 'min_samples_split': 16, 'n_estimators': 18, 'name': 'RF', 'random_state': 39}, 'sub': {'random_state': 39, 'replacement': False, 'smo_grp': 'UNDER', 'type': 'RandomUnderSampler'}}"
220,0.8660261462331356,729.4979348182678,UNDER,CondensedNearestNeighbour,0,,0.3025925329129876,0.6974074670870124,220,"{'classifier': {'bootstrap': False, 'class_weight': 'balanced_subsample', 'criterion': 'entropy', 'max_features': 1, 'min_samples_leaf': 9, 'min_samples_split': 4, 'n_estimators': 37, 'name': 'RF', 'random_state': 39}, 'sub': {'n_neighbors': 36, 'n_seeds_S': 39, 'random_state': 39, 'smo_grp': 'UNDER', 'type': 'CondensedNearestNeighbour'}}"
221,0.8660261462331356,729.699723482132,UNDER,TomekLinks,0,,0.5075554688066434,0.4924445311933566,221,"{'classifier': {'C': 10.315662960724113, 'l1_ratio': 0.6226842381828003, 'name': 'LR', 'penalty_solver': 'elasticnet+saga', 'random_state': 39, 'tol': 0.0641525272946025}, 'sub': {'smo_grp': 'UNDER', 'type': 'TomekLinks'}}"
222,0.8660261462331356,732.3349575996399,OVER,ADASYN,0,,0.9295459858067545,0.07045401419324543,222,"{'classifier': {'C': 141.50904475503322, 'coef0': -0.41047404098396223, 'degree': 4, 'gamma': 'value', 'gamma_value': 4.045373183671473, 'kernel': 'rbf', 'name': 'SVM', 'probability': True, 'random_state': 39, 'shrinking': False, 'tol': 0.09567433768845826}, 'sub': {'n_neighbors': 1, 'random_state': 39, 'smo_grp': 'OVER', 'type': 'ADASYN'}}"
223,0.8660261462331356,732.5772681236267,UNDER,NearMiss,0,,0.36177479050037564,0.6382252094996244,223,"{'classifier': {'C': 49.831855077911364, 'coef0': -0.4858083192723692, 'degree': 3, 'gamma': 'value', 'gamma_value': 6.12686329077275, 'kernel': 'linear', 'name': 'SVM', 'probability': False, 'random_state': 39, 'shrinking': True, 'tol': 0.08796371567374586}, 'sub': {'n_neighbors': 1, 'n_neighbors_ver3': 12, 'smo_grp': 'UNDER', 'type': 'NearMiss', 'version': 2}}"
224,0.8660261462331356,733.1035003662109,OVER,ADASYN,0,,0.3075245792629392,0.6924754207370608,224,"{'classifier': {'algorithm': 'kd_tree', 'n_neighbors': 7, 'name': 'KNN', 'p': 14, 'random_state': 39, 'weights': 'distance'}, 'sub': {'n_neighbors': 5, 'random_state': 39, 'smo_grp': 'OVER', 'type': 'ADASYN'}}"
225,0.8660261462331356,733.2403409481049,NO,NO,0,,0.5381767507882196,0.4618232492117804,225,"{'classifier': {'criterion': 'entropy', 'max_depth': 12, 'max_features': 'log2', 'min_samples_leaf': 7, 'min_samples_split': 19, 'name': 'DTC', 'random_state': 39}, 'sub': {'smo_grp': 'NO', 'type': 'NO'}}"
226,0.8660261462331356,733.5908982753754,OVER,SVMSMOTE,0,,0.38782566337267343,0.6121743366273266,226,"{'classifier': {'criterion': 'entropy', 'max_depth': 14, 'max_features': 'log2', 'min_samples_leaf': 8, 'min_samples_split': 16, 'name': 'DTC', 'random_state': 39}, 'sub': {'k_neighbors': 1, 'm_neighbors': 8, 'out_step': 0.2644734259792404, 'random_state': 39, 'smo_grp': 'OVER', 'type': 'SVMSMOTE'}}"
227,0.8660261462331356,733.9229080677032,UNDER,EditedNearestNeighbours,0,,0.5618357031501195,0.4381642968498805,227,"{'classifier': {'C': 190.8783651418142, 'coef0': 0.12964669278240337, 'degree': 4, 'gamma': 'auto', 'gamma_value': 7.0493724104448585, 'kernel': 'sigmoid', 'name': 'SVM', 'probability': False, 'random_state': 39, 'shrinking': False, 'tol': 0.07228642336741203}, 'sub': {'kind_sel': 'all', 'n_neighbors': 18, 'smo_grp': 'UNDER', 'type': 'EditedNearestNeighbours'}}"
228,0.8660261462331356,734.5944263935089,UNDER,EditedNearestNeighbours,0,,0.5593844855857981,0.44061551441420194,228,"{'classifier': {'criterion': 'entropy', 'max_depth': 4, 'max_features': 'log2', 'min_samples_leaf': 7, 'min_samples_split': 7, 'name': 'DTC', 'random_state': 39}, 'sub': {'kind_sel': 'mode', 'n_neighbors': 14, 'smo_grp': 'UNDER', 'type': 'EditedNearestNeighbours'}}"
229,0.8660261462331356,744.6900470256805,UNDER,CondensedNearestNeighbour,0,,0.4719255448324934,0.5280744551675066,229,"{'classifier': {'algorithm': 'kd_tree', 'n_neighbors': 21, 'name': 'KNN', 'p': 12, 'random_state': 39, 'weights': 'uniform'}, 'sub': {'n_neighbors': 26, 'n_seeds_S': 46, 'random_state': 39, 'smo_grp': 'UNDER', 'type': 'CondensedNearestNeighbour'}}"
230,0.8660261462331356,744.9614660739899,OVER,SVMSMOTE,0,,0.3651500923406239,0.6348499076593761,230,"{'classifier': {'criterion': 'gini', 'max_depth': 4, 'max_features': 'log2', 'min_samples_leaf': 17, 'min_samples_split': 9, 'name': 'DTC', 'random_state': 39}, 'sub': {'k_neighbors': 1, 'm_neighbors': 5, 'out_step': 0.15176782099026176, 'random_state': 39, 'smo_grp': 'OVER', 'type': 'SVMSMOTE'}}"
231,0.8660261462331356,750.8457524776459,UNDER,OneSidedSelection,0,,0.40038040129442054,0.5996195987055795,231,"{'classifier': {'bootstrap': False, 'class_weight': 'balanced_subsample', 'criterion': 'entropy', 'max_features': 'log2', 'min_samples_leaf': 7, 'min_samples_split': 13, 'n_estimators': 98, 'name': 'RF', 'random_state': 39}, 'sub': {'n_neighbors': 14, 'n_seeds_S': 9, 'random_state': 39, 'smo_grp': 'UNDER', 'type': 'OneSidedSelection'}}"
232,0.8660261462331356,751.6648986339569,UNDER,AllKNN,0,,0.31562028762279615,0.6843797123772039,232,"{'classifier': {'C': 98.90098519665327, 'l1_ratio': 0.4591445319731447, 'name': 'LR', 'penalty_solver': 'none+sag', 'random_state': 39, 'tol': 0.07773201629014417}, 'sub': {'allow_minority': True, 'kind_sel': 'all', 'n_neighbors': 9, 'smo_grp': 'UNDER', 'type': 'AllKNN'}}"
233,0.8660261462331356,752.5751411914825,OVER,SVMSMOTE,0,,0.34161882039892255,0.6583811796010774,233,"{'classifier': {'algorithm': 'kd_tree', 'n_neighbors': 16, 'name': 'KNN', 'p': 5, 'random_state': 39, 'weights': 'distance'}, 'sub': {'k_neighbors': 3, 'm_neighbors': 3, 'out_step': 0.11763068783685038, 'random_state': 39, 'smo_grp': 'OVER', 'type': 'SVMSMOTE'}}"
234,0.8660261462331356,753.3178544044495,UNDER,InstanceHardnessThreshold,0,,0.28159453093603193,0.7184054690639681,234,"{'classifier': {'C': 34.975009023733364, 'l1_ratio': 0.04169924969185088, 'name': 'LR', 'penalty_solver': 'l1+liblinear', 'random_state': 39, 'tol': 0.039586624548722193}, 'sub': {'cv': 7, 'estimator': 'decision-tree', 'random_state': 39, 'smo_grp': 'UNDER', 'type': 'InstanceHardnessThreshold'}}"
235,0.8660261462331356,753.5100634098053,UNDER,TomekLinks,0,,0.5253539085980923,0.4746460914019077,235,"{'classifier': {'C': 14.698904734187789, 'l1_ratio': 0.9773481416922523, 'name': 'LR', 'penalty_solver': 'none+saga', 'random_state': 39, 'tol': 0.09919918682583868}, 'sub': {'smo_grp': 'UNDER', 'type': 'TomekLinks'}}"
236,0.8660261462331356,753.9709320068359,OVER,KMeansSMOTE,1,No clusters found with sufficient samples of class 1. Try lowering the cluster_balance_threshold or increasing the number of clusters.,1.0,0.0,236,"{'classifier': {'C': 166.4017480849222, 'coef0': 0.9734723164985104, 'degree': 2, 'gamma': 'scale', 'gamma_value': 6.5098291447138195, 'kernel': 'poly', 'name': 'SVM', 'probability': True, 'random_state': 39, 'shrinking': False, 'tol': 0.07874027004596042}, 'sub': {'cluster_balance_threshold': 0.7830261988215871, 'k_neighbors': 3, 'random_state': 39, 'smo_grp': 'OVER', 'type': 'KMeansSMOTE'}}"
237,0.8660261462331356,759.6808445453644,UNDER,EditedNearestNeighbours,0,,0.7921686410214331,0.20783135897856683,237,"{'classifier': {'bootstrap': False, 'class_weight': None, 'criterion': 'gini', 'max_features': 'log2', 'min_samples_leaf': 12, 'min_samples_split': 16, 'n_estimators': 140, 'name': 'RF', 'random_state': 39}, 'sub': {'kind_sel': 'mode', 'n_neighbors': 6, 'smo_grp': 'UNDER', 'type': 'EditedNearestNeighbours'}}"
238,0.8660261462331356,760.2868547439575,UNDER,EditedNearestNeighbours,0,,0.8355259961232133,0.16447400387678668,238,"{'classifier': {'criterion': 'entropy', 'max_depth': 19, 'max_features': 1, 'min_samples_leaf': 3, 'min_samples_split': 14, 'name': 'DTC', 'random_state': 39}, 'sub': {'kind_sel': 'mode', 'n_neighbors': 10, 'smo_grp': 'UNDER', 'type': 'EditedNearestNeighbours'}}"
239,0.8660261462331356,761.9097933769226,NO,NO,0,,0.8182824099304966,0.18171759006950344,239,"{'classifier': {'algorithm': 'brute', 'n_neighbors': 10, 'name': 'KNN', 'p': 8, 'random_state': 39, 'weights': 'distance'}, 'sub': {'smo_grp': 'NO', 'type': 'NO'}}"
240,0.8660261462331356,762.2835948467255,OVER,SVMSMOTE,0,,0.4023191644419737,0.5976808355580263,240,"{'classifier': {'criterion': 'entropy', 'max_depth': 6, 'max_features': 1, 'min_samples_leaf': 10, 'min_samples_split': 7, 'name': 'DTC', 'random_state': 39}, 'sub': {'k_neighbors': 7, 'm_neighbors': 9, 'out_step': 0.7835236706066154, 'random_state': 39, 'smo_grp': 'OVER', 'type': 'SVMSMOTE'}}"
241,0.8660261462331356,763.928585767746,UNDER,AllKNN,0,,0.49685929264597506,0.5031407073540249,241,"{'classifier': {'algorithm': 'kd_tree', 'n_neighbors': 13, 'name': 'KNN', 'p': 9, 'random_state': 39, 'weights': 'distance'}, 'sub': {'allow_minority': False, 'kind_sel': 'all', 'n_neighbors': 13, 'smo_grp': 'UNDER', 'type': 'AllKNN'}}"
242,0.8660261462331356,764.2140636444092,OVER,SMOTE,0,,0.4019516265936648,0.5980483734063352,242,"{'classifier': {'C': 25.81468268289252, 'coef0': -0.19968274533733865, 'degree': 3, 'gamma': 'scale', 'gamma_value': 7.2717009985776055, 'kernel': 'poly', 'name': 'SVM', 'probability': False, 'random_state': 39, 'shrinking': False, 'tol': 0.03975224958102414}, 'sub': {'k_neighbors': 5, 'random_state': 39, 'smo_grp': 'OVER', 'type': 'SMOTE'}}"
243,0.8660261462331356,765.3274312019348,UNDER,RepeatedEditedNearestNeighbours,0,,0.47263560591640164,0.5273643940835984,243,"{'classifier': {'algorithm': 'brute', 'n_neighbors': 2, 'name': 'KNN', 'p': 4, 'random_state': 39, 'weights': 'distance'}, 'sub': {'kind_sel': 'all', 'n_neighbors': 3, 'smo_grp': 'UNDER', 'type': 'RepeatedEditedNearestNeighbours'}}"
244,0.8660261462331356,765.7448754310608,OVER,RandomOverSampler,0,,0.1425996456679437,0.8574003543320563,244,"{'classifier': {'C': 19.140716922795278, 'l1_ratio': 0.3881859728669034, 'name': 'LR', 'penalty_solver': 'none+newton-cg', 'random_state': 39, 'tol': 0.01987755293811867}, 'sub': {'random_state': 39, 'smo_grp': 'OVER', 'type': 'RandomOverSampler'}}"
245,0.8660261462331356,771.1972322463989,UNDER,OneSidedSelection,0,,0.437634929147533,0.562365070852467,245,"{'classifier': {'bootstrap': True, 'class_weight': 'balanced_subsample', 'criterion': 'entropy', 'max_features': 'log2', 'min_samples_leaf': 2, 'min_samples_split': 19, 'n_estimators': 104, 'name': 'RF', 'random_state': 39}, 'sub': {'n_neighbors': 1, 'n_seeds_S': 11, 'random_state': 39, 'smo_grp': 'UNDER', 'type': 'OneSidedSelection'}}"
246,0.8660261462331356,775.8273820877075,UNDER,ClusterCentroids,0,,0.298243630984073,0.701756369015927,246,"{'classifier': {'bootstrap': True, 'class_weight': 'balanced', 'criterion': 'entropy', 'max_features': 'log2', 'min_samples_leaf': 12, 'min_samples_split': 10, 'n_estimators': 58, 'name': 'RF', 'random_state': 39}, 'sub': {'estimator': 'MiniBatchKMeans', 'random_state': 39, 'smo_grp': 'UNDER', 'type': 'ClusterCentroids', 'voting': 'soft'}}"
247,0.8660261462331356,776.156950712204,COMBINE,SMOTEENN,0,,0.26710069863730845,0.7328993013626915,247,"{'classifier': {'C': 58.650617043484004, 'coef0': 0.2434941581477299, 'degree': 3, 'gamma': 'scale', 'gamma_value': 5.80789745146224, 'kernel': 'poly', 'name': 'SVM', 'probability': False, 'random_state': 39, 'shrinking': True, 'tol': 0.08444171512780263}, 'sub': {'random_state': 39, 'smo_grp': 'COMBINE', 'type': 'SMOTEENN'}}"
248,0.8660261462331356,793.8755965232849,UNDER,CondensedNearestNeighbour,0,,0.3542029441919343,0.6457970558080657,248,"{'classifier': {'C': 91.95570031946798, 'coef0': 0.8362065351182792, 'degree': 4, 'gamma': 'scale', 'gamma_value': 5.775643944882125, 'kernel': 'rbf', 'name': 'SVM', 'probability': False, 'random_state': 39, 'shrinking': True, 'tol': 0.08411087094955498}, 'sub': {'n_neighbors': 41, 'n_seeds_S': 32, 'random_state': 39, 'smo_grp': 'UNDER', 'type': 'CondensedNearestNeighbour'}}"
249,0.8660261462331356,794.1148016452789,COMBINE,SMOTEENN,0,,0.29746443688643665,0.7025355631135634,249,"{'classifier': {'criterion': 'entropy', 'max_depth': 8, 'max_features': 1, 'min_samples_leaf': 13, 'min_samples_split': 6, 'name': 'DTC', 'random_state': 39}, 'sub': {'random_state': 39, 'smo_grp': 'COMBINE', 'type': 'SMOTEENN'}}"
250,0.8660261462331356,794.3560268878937,COMBINE,SMOTEENN,0,,0.17927260266343836,0.8207273973365616,250,"{'classifier': {'C': 8.55472501753705, 'l1_ratio': 0.30482712019739633, 'name': 'LR', 'penalty_solver': 'l1+saga', 'random_state': 39, 'tol': 0.021055243608892164}, 'sub': {'random_state': 39, 'smo_grp': 'COMBINE', 'type': 'SMOTEENN'}}"
251,0.8660261462331356,795.1720948219299,UNDER,RepeatedEditedNearestNeighbours,0,,0.36286752672954026,0.6371324732704597,251,"{'classifier': {'bootstrap': False, 'class_weight': 'balanced', 'criterion': 'entropy', 'max_features': 1, 'min_samples_leaf': 2, 'min_samples_split': 13, 'n_estimators': 8, 'name': 'RF', 'random_state': 39}, 'sub': {'kind_sel': 'all', 'n_neighbors': 11, 'smo_grp': 'UNDER', 'type': 'RepeatedEditedNearestNeighbours'}}"
252,0.8660261462331356,795.4346334934235,OVER,SVMSMOTE,0,,0.35478704470978606,0.6452129552902139,252,"{'classifier': {'criterion': 'entropy', 'max_depth': 16, 'max_features': 'sqrt', 'min_samples_leaf': 15, 'min_samples_split': 9, 'name': 'DTC', 'random_state': 39}, 'sub': {'k_neighbors': 8, 'm_neighbors': 4, 'out_step': 0.4389843052021374, 'random_state': 39, 'smo_grp': 'OVER', 'type': 'SVMSMOTE'}}"
253,0.8660261462331356,796.6470246315002,OVER,SMOTE,0,,0.3120602984005566,0.6879397015994434,253,"{'classifier': {'algorithm': 'ball_tree', 'n_neighbors': 20, 'name': 'KNN', 'p': 12, 'random_state': 39, 'weights': 'uniform'}, 'sub': {'k_neighbors': 8, 'random_state': 39, 'smo_grp': 'OVER', 'type': 'SMOTE'}}"
254,0.8660261462331356,796.8928153514862,OVER,KMeansSMOTE,1,No clusters found with sufficient samples of class 1. Try lowering the cluster_balance_threshold or increasing the number of clusters.,1.0,0.0,254,"{'classifier': {'C': 199.81725639144477, 'coef0': -0.41193022994461037, 'degree': 4, 'gamma': 'scale', 'gamma_value': 1.953932830771991, 'kernel': 'poly', 'name': 'SVM', 'probability': False, 'random_state': 39, 'shrinking': False, 'tol': 0.01915159799066868}, 'sub': {'cluster_balance_threshold': 0.0908223102711256, 'k_neighbors': 9, 'random_state': 39, 'smo_grp': 'OVER', 'type': 'KMeansSMOTE'}}"
255,0.8660261462331356,797.477735042572,UNDER,RepeatedEditedNearestNeighbours,0,,0.27954288792394,0.72045711207606,255,"{'classifier': {'C': 66.17607099790068, 'l1_ratio': 0.07394694222150437, 'name': 'LR', 'penalty_solver': 'none+saga', 'random_state': 39, 'tol': 0.011719164282150729}, 'sub': {'kind_sel': 'all', 'n_neighbors': 9, 'smo_grp': 'UNDER', 'type': 'RepeatedEditedNearestNeighbours'}}"
256,0.8660261462331356,797.6692578792572,UNDER,EditedNearestNeighbours,0,,0.2020868736858199,0.7979131263141801,256,"{'classifier': {'C': 16.600634115117437, 'l1_ratio': 0.8254361787175317, 'name': 'LR', 'penalty_solver': 'none+lbfgs', 'random_state': 39, 'tol': 0.09520523908508656}, 'sub': {'kind_sel': 'all', 'n_neighbors': 8, 'smo_grp': 'UNDER', 'type': 'EditedNearestNeighbours'}}"
257,0.8660261462331356,798.4916248321533,UNDER,TomekLinks,0,,0.4189220925789865,0.5810779074210135,257,"{'classifier': {'C': 190.91109871532123, 'coef0': -0.0022877555924745163, 'degree': 4, 'gamma': 'auto', 'gamma_value': 3.581783839178983, 'kernel': 'poly', 'name': 'SVM', 'probability': True, 'random_state': 39, 'shrinking': True, 'tol': 0.06003814305924654}, 'sub': {'smo_grp': 'UNDER', 'type': 'TomekLinks'}}"
258,0.8660261462331356,804.4300606250763,UNDER,AllKNN,0,,0.3891555620470376,0.6108444379529624,258,"{'classifier': {'C': 100.09438144168205, 'coef0': 0.2155654418070294, 'degree': 4, 'gamma': 'scale', 'gamma_value': 1.0685048041445362, 'kernel': 'rbf', 'name': 'SVM', 'probability': False, 'random_state': 39, 'shrinking': True, 'tol': 0.042948908540137734}, 'sub': {'allow_minority': True, 'kind_sel': 'mode', 'n_neighbors': 14, 'smo_grp': 'UNDER', 'type': 'AllKNN'}}"
259,0.8660261462331356,827.2838582992554,UNDER,ClusterCentroids,0,,0.19807518345209396,0.801924816547906,259,"{'classifier': {'C': 56.79514333833264, 'l1_ratio': 0.9339347419878734, 'name': 'LR', 'penalty_solver': 'l1+liblinear', 'random_state': 39, 'tol': 0.09765231865091625}, 'sub': {'estimator': 'KMeans', 'random_state': 39, 'smo_grp': 'UNDER', 'type': 'ClusterCentroids', 'voting': 'hard'}}"
260,0.8660261462331356,831.3391165733337,COMBINE,SMOTEENN,0,,0.3277701692829563,0.6722298307170437,260,"{'classifier': {'bootstrap': True, 'class_weight': 'balanced_subsample', 'criterion': 'gini', 'max_features': 'sqrt', 'min_samples_leaf': 3, 'min_samples_split': 13, 'n_estimators': 61, 'name': 'RF', 'random_state': 39}, 'sub': {'random_state': 39, 'smo_grp': 'COMBINE', 'type': 'SMOTEENN'}}"
261,0.8660261462331356,849.65971326828,UNDER,CondensedNearestNeighbour,0,,0.6550194872303403,0.34498051276965974,261,"{'classifier': {'algorithm': 'auto', 'n_neighbors': 30, 'name': 'KNN', 'p': 10, 'random_state': 39, 'weights': 'uniform'}, 'sub': {'n_neighbors': 35, 'n_seeds_S': 26, 'random_state': 39, 'smo_grp': 'UNDER', 'type': 'CondensedNearestNeighbour'}}"
262,0.8660261462331356,851.7454514503479,OVER,SMOTE,0,,0.2869607018250494,0.7130392981749506,262,"{'classifier': {'algorithm': 'ball_tree', 'n_neighbors': 47, 'name': 'KNN', 'p': 14, 'random_state': 39, 'weights': 'distance'}, 'sub': {'k_neighbors': 2, 'random_state': 39, 'smo_grp': 'OVER', 'type': 'SMOTE'}}"
263,0.8660261462331356,851.9075469970703,UNDER,EditedNearestNeighbours,0,,0.6353068895211931,0.36469311047880687,263,"{'classifier': {'criterion': 'gini', 'max_depth': 17, 'max_features': 'sqrt', 'min_samples_leaf': 12, 'min_samples_split': 6, 'name': 'DTC', 'random_state': 39}, 'sub': {'kind_sel': 'all', 'n_neighbors': 17, 'smo_grp': 'UNDER', 'type': 'EditedNearestNeighbours'}}"
264,0.8660261462331356,853.9983630180359,COMBINE,SMOTEENN,0,,0.2707531034700563,0.7292468965299437,264,"{'classifier': {'bootstrap': False, 'class_weight': 'balanced_subsample', 'criterion': 'entropy', 'max_features': 1, 'min_samples_leaf': 10, 'min_samples_split': 5, 'n_estimators': 46, 'name': 'RF', 'random_state': 39}, 'sub': {'random_state': 39, 'smo_grp': 'COMBINE', 'type': 'SMOTEENN'}}"
265,0.8660261462331356,854.1886961460114,OVER,KMeansSMOTE,1,No clusters found with sufficient samples of class 1. Try lowering the cluster_balance_threshold or increasing the number of clusters.,1.0,0.0,265,"{'classifier': {'criterion': 'gini', 'max_depth': 12, 'max_features': 'log2', 'min_samples_leaf': 16, 'min_samples_split': 16, 'name': 'DTC', 'random_state': 39}, 'sub': {'cluster_balance_threshold': 0.31185497565108217, 'k_neighbors': 8, 'random_state': 39, 'smo_grp': 'OVER', 'type': 'KMeansSMOTE'}}"
266,0.8660261462331356,854.4299354553223,UNDER,TomekLinks,0,,0.41114479416082195,0.588855205839178,266,"{'classifier': {'C': 34.87301640820951, 'l1_ratio': 0.7442944914776983, 'name': 'LR', 'penalty_solver': 'elasticnet+saga', 'random_state': 39, 'tol': 0.0170848749828006}, 'sub': {'smo_grp': 'UNDER', 'type': 'TomekLinks'}}"
267,0.8660261462331356,868.3593714237213,UNDER,ClusterCentroids,0,,0.3255189075579997,0.6744810924420003,267,"{'classifier': {'algorithm': 'auto', 'n_neighbors': 13, 'name': 'KNN', 'p': 17, 'random_state': 39, 'weights': 'uniform'}, 'sub': {'estimator': 'KMeans', 'random_state': 39, 'smo_grp': 'UNDER', 'type': 'ClusterCentroids', 'voting': 'soft'}}"
268,0.8660261462331356,869.0219843387604,UNDER,OneSidedSelection,0,,0.3367579430968112,0.6632420569031888,268,"{'classifier': {'C': 46.317532917743556, 'l1_ratio': 0.8665217858533676, 'name': 'LR', 'penalty_solver': 'l1+liblinear', 'random_state': 39, 'tol': 0.04957885345212735}, 'sub': {'n_neighbors': 8, 'n_seeds_S': 12, 'random_state': 39, 'smo_grp': 'UNDER', 'type': 'OneSidedSelection'}}"
269,0.8660261462331356,869.6280617713928,UNDER,NeighbourhoodCleaningRule,0,,0.2963830402113945,0.7036169597886055,269,"{'classifier': {'bootstrap': True, 'class_weight': 'balanced_subsample', 'criterion': 'gini', 'max_features': 'sqrt', 'min_samples_leaf': 6, 'min_samples_split': 12, 'n_estimators': 4, 'name': 'RF', 'random_state': 39}, 'sub': {'n_neighbors': 18, 'smo_grp': 'UNDER', 'threshold_cleaning': 0.836172091126144, 'type': 'NeighbourhoodCleaningRule'}}"
270,0.8660261462331356,869.9008224010468,OVER,SVMSMOTE,0,,0.2703383316460075,0.7296616683539925,270,"{'classifier': {'C': 80.16566020612309, 'l1_ratio': 0.03353758550212622, 'name': 'LR', 'penalty_solver': 'l1+saga', 'random_state': 39, 'tol': 0.09385627518774858}, 'sub': {'k_neighbors': 6, 'm_neighbors': 9, 'out_step': 0.5599926056013961, 'random_state': 39, 'smo_grp': 'OVER', 'type': 'SVMSMOTE'}}"
271,0.8660261462331356,870.0197286605835,OVER,BorderlineSMOTE,0,,0.41114479416082195,0.588855205839178,271,"{'classifier': {'C': 3.0592323457972133, 'l1_ratio': 0.6213092156141052, 'name': 'LR', 'penalty_solver': 'l2+liblinear', 'random_state': 39, 'tol': 0.0027258773981958927}, 'sub': {'k_neighbors': 7, 'kind': 'borderline-2', 'm_neighbors': 1, 'random_state': 39, 'smo_grp': 'OVER', 'type': 'BorderlineSMOTE'}}"
272,0.8660261462331356,871.310150384903,UNDER,AllKNN,0,,0.3182296481992365,0.6817703518007635,272,"{'classifier': {'C': 191.44339279766234, 'coef0': -0.175179403134327, 'degree': 4, 'gamma': 'scale', 'gamma_value': 6.260939821166758, 'kernel': 'rbf', 'name': 'SVM', 'probability': False, 'random_state': 39, 'shrinking': False, 'tol': 0.01949435998095732}, 'sub': {'allow_minority': True, 'kind_sel': 'all', 'n_neighbors': 17, 'smo_grp': 'UNDER', 'type': 'AllKNN'}}"
273,0.8660261462331356,872.8985641002655,OVER,SMOTENC,0,,0.15739513879777145,0.8426048612022285,273,"{'classifier': {'C': 118.50691780628554, 'coef0': 0.9432554668630064, 'degree': 3, 'gamma': 'value', 'gamma_value': 7.459645782583955, 'kernel': 'linear', 'name': 'SVM', 'probability': False, 'random_state': 39, 'shrinking': False, 'tol': 0.09112387176858375}, 'sub': {'categorical_features': True, 'k_neighbors': 5, 'random_state': 39, 'smo_grp': 'OVER', 'type': 'SMOTENC'}}"
274,0.8660261462331356,877.5433056354523,OVER,ADASYN,0,,0.3682977622157878,0.6317022377842122,274,"{'classifier': {'bootstrap': False, 'class_weight': 'balanced', 'criterion': 'gini', 'max_features': 1, 'min_samples_leaf': 4, 'min_samples_split': 9, 'n_estimators': 120, 'name': 'RF', 'random_state': 39}, 'sub': {'n_neighbors': 7, 'random_state': 39, 'smo_grp': 'OVER', 'type': 'ADASYN'}}"
275,0.8660261462331356,878.1238431930542,UNDER,TomekLinks,0,,0.4134759287551474,0.5865240712448526,275,"{'classifier': {'C': 157.54582326687355, 'coef0': 0.9516279094742264, 'degree': 2, 'gamma': 'scale', 'gamma_value': 2.5000184697658154, 'kernel': 'poly', 'name': 'SVM', 'probability': False, 'random_state': 39, 'shrinking': False, 'tol': 0.025168360631658265}, 'sub': {'smo_grp': 'UNDER', 'type': 'TomekLinks'}}"
276,0.8660261462331356,878.3840899467468,OVER,KMeansSMOTE,1,No clusters found with sufficient samples of class 1. Try lowering the cluster_balance_threshold or increasing the number of clusters.,1.0,0.0,276,"{'classifier': {'algorithm': 'ball_tree', 'n_neighbors': 16, 'name': 'KNN', 'p': 10, 'random_state': 39, 'weights': 'distance'}, 'sub': {'cluster_balance_threshold': 0.5387145046568897, 'k_neighbors': 6, 'random_state': 39, 'smo_grp': 'OVER', 'type': 'KMeansSMOTE'}}"
277,0.8660261462331356,881.7306447029114,OVER,RandomOverSampler,0,,1.0,0.0,277,"{'classifier': {'C': 1.4661886935983337, 'coef0': 0.4466214862410789, 'degree': 2, 'gamma': 'value', 'gamma_value': 7.934251345329977, 'kernel': 'rbf', 'name': 'SVM', 'probability': True, 'random_state': 39, 'shrinking': False, 'tol': 0.08403197419177028}, 'sub': {'random_state': 39, 'smo_grp': 'OVER', 'type': 'RandomOverSampler'}}"
278,0.8660261462331356,884.5108015537262,OVER,BorderlineSMOTE,0,,0.2535008089709948,0.7464991910290052,278,"{'classifier': {'algorithm': 'brute', 'n_neighbors': 46, 'name': 'KNN', 'p': 7, 'random_state': 39, 'weights': 'distance'}, 'sub': {'k_neighbors': 7, 'kind': 'borderline-2', 'm_neighbors': 3, 'random_state': 39, 'smo_grp': 'OVER', 'type': 'BorderlineSMOTE'}}"
279,0.8660261462331356,886.157125711441,OVER,SVMSMOTE,0,,0.42892457623944746,0.5710754237605525,279,"{'classifier': {'bootstrap': True, 'class_weight': 'balanced_subsample', 'criterion': 'entropy', 'max_features': 'log2', 'min_samples_leaf': 1, 'min_samples_split': 16, 'n_estimators': 11, 'name': 'RF', 'random_state': 39}, 'sub': {'k_neighbors': 4, 'm_neighbors': 7, 'out_step': 0.833362524640542, 'random_state': 39, 'smo_grp': 'OVER', 'type': 'SVMSMOTE'}}"
280,0.8660261462331356,886.4803042411804,UNDER,NeighbourhoodCleaningRule,0,,0.2863285475757954,0.7136714524242046,280,"{'classifier': {'C': 92.55018817094823, 'l1_ratio': 0.016995163858894817, 'name': 'LR', 'penalty_solver': 'none+saga', 'random_state': 39, 'tol': 0.018389664175800714}, 'sub': {'n_neighbors': 12, 'smo_grp': 'UNDER', 'threshold_cleaning': 0.4593571839866242, 'type': 'NeighbourhoodCleaningRule'}}"
281,0.8660261462331356,887.9811992645264,UNDER,ClusterCentroids,0,,0.22621682013520972,0.7737831798647903,281,"{'classifier': {'C': 131.99679595882884, 'coef0': 0.5004401139551835, 'degree': 4, 'gamma': 'value', 'gamma_value': 0.5908684931166496, 'kernel': 'poly', 'name': 'SVM', 'probability': True, 'random_state': 39, 'shrinking': True, 'tol': 0.04017778076436532}, 'sub': {'estimator': 'MiniBatchKMeans', 'random_state': 39, 'smo_grp': 'UNDER', 'type': 'ClusterCentroids', 'voting': 'soft'}}"
282,0.8660261462331356,890.7694141864777,UNDER,ClusterCentroids,0,,0.2956918455370061,0.7043081544629939,282,"{'classifier': {'algorithm': 'auto', 'n_neighbors': 33, 'name': 'KNN', 'p': 16, 'random_state': 39, 'weights': 'uniform'}, 'sub': {'estimator': 'MiniBatchKMeans', 'random_state': 39, 'smo_grp': 'UNDER', 'type': 'ClusterCentroids', 'voting': 'soft'}}"
283,0.8660261462331356,891.0958406925201,NO,NO,0,,0.27453985816881,0.72546014183119,283,"{'classifier': {'C': 81.20887274979155, 'l1_ratio': 0.8816071049175167, 'name': 'LR', 'penalty_solver': 'none+newton-cg', 'random_state': 39, 'tol': 0.0937561575286693}, 'sub': {'smo_grp': 'NO', 'type': 'NO'}}"
284,0.8660261462331356,891.8110327720642,UNDER,RepeatedEditedNearestNeighbours,0,,0.3803859908773012,0.6196140091226988,284,"{'classifier': {'algorithm': 'ball_tree', 'n_neighbors': 2, 'name': 'KNN', 'p': 1, 'random_state': 39, 'weights': 'distance'}, 'sub': {'kind_sel': 'all', 'n_neighbors': 6, 'smo_grp': 'UNDER', 'type': 'RepeatedEditedNearestNeighbours'}}"
285,0.8660261462331356,895.4122543334961,OVER,SMOTE,0,,0.29377137910957996,0.70622862089042,285,"{'classifier': {'bootstrap': True, 'class_weight': 'balanced', 'criterion': 'entropy', 'max_features': 1, 'min_samples_leaf': 14, 'min_samples_split': 8, 'n_estimators': 83, 'name': 'RF', 'random_state': 39}, 'sub': {'k_neighbors': 4, 'random_state': 39, 'smo_grp': 'OVER', 'type': 'SMOTE'}}"
286,0.8660261462331356,900.5272872447968,UNDER,InstanceHardnessThreshold,0,,0.2969224632130961,0.7030775367869039,286,"{'classifier': {'bootstrap': False, 'class_weight': 'balanced', 'criterion': 'gini', 'max_features': 1, 'min_samples_leaf': 18, 'min_samples_split': 19, 'n_estimators': 144, 'name': 'RF', 'random_state': 39}, 'sub': {'cv': 3, 'estimator': 'knn', 'random_state': 39, 'smo_grp': 'UNDER', 'type': 'InstanceHardnessThreshold'}}"
287,0.8660261462331356,919.802677154541,UNDER,CondensedNearestNeighbour,0,,0.4978851427265749,0.5021148572734251,287,"{'classifier': {'algorithm': 'ball_tree', 'n_neighbors': 1, 'name': 'KNN', 'p': 18, 'random_state': 39, 'weights': 'distance'}, 'sub': {'n_neighbors': 31, 'n_seeds_S': 6, 'random_state': 39, 'smo_grp': 'UNDER', 'type': 'CondensedNearestNeighbour'}}"
288,0.8660261462331356,944.1273550987244,UNDER,ClusterCentroids,0,,0.4815927297997147,0.5184072702002853,288,"{'classifier': {'criterion': 'entropy', 'max_depth': 2, 'max_features': 'sqrt', 'min_samples_leaf': 17, 'min_samples_split': 13, 'name': 'DTC', 'random_state': 39}, 'sub': {'estimator': 'KMeans', 'random_state': 39, 'smo_grp': 'UNDER', 'type': 'ClusterCentroids', 'voting': 'soft'}}"
289,0.8660261462331356,944.5043363571167,NO,NO,0,,1.0,0.0,289,"{'classifier': {'bootstrap': False, 'class_weight': None, 'criterion': 'entropy', 'max_features': 'sqrt', 'min_samples_leaf': 16, 'min_samples_split': 4, 'n_estimators': 9, 'name': 'RF', 'random_state': 39}, 'sub': {'smo_grp': 'NO', 'type': 'NO'}}"
290,0.8660261462331356,944.6955516338348,OVER,ADASYN,0,,0.4226520004721702,0.5773479995278298,290,"{'classifier': {'criterion': 'entropy', 'max_depth': 13, 'max_features': 'sqrt', 'min_samples_leaf': 11, 'min_samples_split': 7, 'name': 'DTC', 'random_state': 39}, 'sub': {'n_neighbors': 2, 'random_state': 39, 'smo_grp': 'OVER', 'type': 'ADASYN'}}"
291,0.8660261462331356,946.7122220993042,UNDER,ClusterCentroids,0,,0.36728443207529227,0.6327155679247077,291,"{'classifier': {'criterion': 'gini', 'max_depth': 8, 'max_features': 'log2', 'min_samples_leaf': 10, 'min_samples_split': 12, 'name': 'DTC', 'random_state': 39}, 'sub': {'estimator': 'MiniBatchKMeans', 'random_state': 39, 'smo_grp': 'UNDER', 'type': 'ClusterCentroids', 'voting': 'soft'}}"
292,0.8660261462331356,948.6823880672455,UNDER,AllKNN,0,,0.45090668124961075,0.5490933187503892,292,"{'classifier': {'algorithm': 'ball_tree', 'n_neighbors': 11, 'name': 'KNN', 'p': 10, 'random_state': 39, 'weights': 'distance'}, 'sub': {'allow_minority': False, 'kind_sel': 'all', 'n_neighbors': 15, 'smo_grp': 'UNDER', 'type': 'AllKNN'}}"
293,0.8660261462331356,965.9201555252075,UNDER,ClusterCentroids,0,,0.16395422261138104,0.836045777388619,293,"{'classifier': {'C': 71.72362732786048, 'l1_ratio': 0.027799806901202304, 'name': 'LR', 'penalty_solver': 'l2+newton-cg', 'random_state': 39, 'tol': 0.01750503149390376}, 'sub': {'estimator': 'KMeans', 'random_state': 39, 'smo_grp': 'UNDER', 'type': 'ClusterCentroids', 'voting': 'hard'}}"
294,0.8660261462331356,966.0434193611145,NO,NO,0,,0.3312199829288882,0.6687800170711118,294,"{'classifier': {'C': 99.78229221832314, 'l1_ratio': 0.05920485470502461, 'name': 'LR', 'penalty_solver': 'l1+liblinear', 'random_state': 39, 'tol': 0.0977135712461645}, 'sub': {'smo_grp': 'NO', 'type': 'NO'}}"
295,0.8660261462331356,966.3107628822327,UNDER,RandomUnderSampler,0,,0.2921304211517983,0.7078695788482017,295,"{'classifier': {'algorithm': 'ball_tree', 'n_neighbors': 10, 'name': 'KNN', 'p': 14, 'random_state': 39, 'weights': 'uniform'}, 'sub': {'random_state': 39, 'replacement': True, 'smo_grp': 'UNDER', 'type': 'RandomUnderSampler'}}"
296,0.8660261462331356,969.0330159664154,UNDER,RepeatedEditedNearestNeighbours,0,,0.41756175890872516,0.5824382410912748,296,"{'classifier': {'bootstrap': True, 'class_weight': 'balanced_subsample', 'criterion': 'gini', 'max_features': None, 'min_samples_leaf': 5, 'min_samples_split': 14, 'n_estimators': 67, 'name': 'RF', 'random_state': 39}, 'sub': {'kind_sel': 'mode', 'n_neighbors': 12, 'smo_grp': 'UNDER', 'type': 'RepeatedEditedNearestNeighbours'}}"
297,0.8660261462331356,970.416020154953,UNDER,NearMiss,0,,0.4648779916137328,0.5351220083862672,297,"{'classifier': {'bootstrap': False, 'class_weight': 'balanced_subsample', 'criterion': 'gini', 'max_features': None, 'min_samples_leaf': 14, 'min_samples_split': 9, 'n_estimators': 90, 'name': 'RF', 'random_state': 39}, 'sub': {'n_neighbors': 11, 'n_neighbors_ver3': 6, 'smo_grp': 'UNDER', 'type': 'NearMiss', 'version': 2}}"
298,0.8660261462331356,970.7414748668671,UNDER,OneSidedSelection,0,,0.2741809523443529,0.7258190476556471,298,"{'classifier': {'C': 97.38723282334259, 'l1_ratio': 0.16479405594386448, 'name': 'LR', 'penalty_solver': 'l2+liblinear', 'random_state': 39, 'tol': 0.03554578671338869}, 'sub': {'n_neighbors': 8, 'n_seeds_S': 10, 'random_state': 39, 'smo_grp': 'UNDER', 'type': 'OneSidedSelection'}}"
299,0.8660261462331356,979.4541351795197,UNDER,ClusterCentroids,0,,0.17019717609768836,0.8298028239023116,299,"{'classifier': {'C': 179.85333259890058, 'coef0': 0.7150236845610232, 'degree': 2, 'gamma': 'value', 'gamma_value': 5.793900862330977, 'kernel': 'linear', 'name': 'SVM', 'probability': False, 'random_state': 39, 'shrinking': False, 'tol': 0.03180762368174126}, 'sub': {'estimator': 'KMeans', 'random_state': 39, 'smo_grp': 'UNDER', 'type': 'ClusterCentroids', 'voting': 'soft'}}"
300,0.8660261462331356,979.5658512115479,OVER,RandomOverSampler,0,,0.1604666630747691,0.8395333369252309,300,"{'classifier': {'C': 4.905568573592513, 'l1_ratio': 0.7461926899329363, 'name': 'LR', 'penalty_solver': 'l1+liblinear', 'random_state': 39, 'tol': 0.048835698595192434}, 'sub': {'random_state': 39, 'smo_grp': 'OVER', 'type': 'RandomOverSampler'}}"
301,0.8660261462331356,980.093682050705,UNDER,RepeatedEditedNearestNeighbours,0,,0.3476389810481364,0.6523610189518636,301,"{'classifier': {'C': 89.36920519807909, 'l1_ratio': 0.1610979908933287, 'name': 'LR', 'penalty_solver': 'elasticnet+saga', 'random_state': 39, 'tol': 0.04428569571983544}, 'sub': {'kind_sel': 'all', 'n_neighbors': 8, 'smo_grp': 'UNDER', 'type': 'RepeatedEditedNearestNeighbours'}}"
302,0.8660261462331356,980.3957719802856,UNDER,NeighbourhoodCleaningRule,0,,0.42439135096673586,0.5756086490332641,302,"{'classifier': {'criterion': 'gini', 'max_depth': 10, 'max_features': None, 'min_samples_leaf': 8, 'min_samples_split': 18, 'name': 'DTC', 'random_state': 39}, 'sub': {'n_neighbors': 16, 'smo_grp': 'UNDER', 'threshold_cleaning': 0.3109252621506078, 'type': 'NeighbourhoodCleaningRule'}}"
303,0.8660261462331356,980.4536378383636,NO,NO,0,,1.0,0.0,303,"{'classifier': {'criterion': 'gini', 'max_depth': 7, 'max_features': 1, 'min_samples_leaf': 18, 'min_samples_split': 10, 'name': 'DTC', 'random_state': 39}, 'sub': {'smo_grp': 'NO', 'type': 'NO'}}"
304,0.8660261462331356,981.8691866397858,UNDER,RandomUnderSampler,0,,0.318446102404489,0.681553897595511,304,"{'classifier': {'bootstrap': True, 'class_weight': None, 'criterion': 'entropy', 'max_features': 'log2', 'min_samples_leaf': 11, 'min_samples_split': 7, 'n_estimators': 75, 'name': 'RF', 'random_state': 39}, 'sub': {'random_state': 39, 'replacement': False, 'smo_grp': 'UNDER', 'type': 'RandomUnderSampler'}}"
305,0.8660261462331356,982.27383685112,COMBINE,SMOTETomek,0,,0.3540273053816685,0.6459726946183315,305,"{'classifier': {'C': 62.92008853920371, 'coef0': 0.13449221161745384, 'degree': 4, 'gamma': 'scale', 'gamma_value': 6.297852354125236, 'kernel': 'rbf', 'name': 'SVM', 'probability': False, 'random_state': 39, 'shrinking': False, 'tol': 0.06970056525767875}, 'sub': {'random_state': 39, 'smo_grp': 'COMBINE', 'type': 'SMOTETomek'}}"
306,0.8660261462331356,982.2961337566376,UNDER,CondensedNearestNeighbour,1,"Expected n_neighbors <= n_samples,  but n_samples = 37, n_neighbors = 38",1.0,0.0,306,"{'classifier': {'C': 36.28402074479572, 'l1_ratio': 0.3851080277601915, 'name': 'LR', 'penalty_solver': 'l2+lbfgs', 'random_state': 39, 'tol': 0.09839902977800945}, 'sub': {'n_neighbors': 38, 'n_seeds_S': 4, 'random_state': 39, 'smo_grp': 'UNDER', 'type': 'CondensedNearestNeighbour'}}"
307,0.8660261462331356,987.230277299881,OVER,ADASYN,0,,0.2123207790855871,0.7876792209144129,307,"{'classifier': {'C': 166.77155974899694, 'coef0': 0.38916605705790497, 'degree': 2, 'gamma': 'scale', 'gamma_value': 6.07708775281092, 'kernel': 'linear', 'name': 'SVM', 'probability': True, 'random_state': 39, 'shrinking': False, 'tol': 0.0368744969779221}, 'sub': {'n_neighbors': 3, 'random_state': 39, 'smo_grp': 'OVER', 'type': 'ADASYN'}}"
308,0.8660261462331356,1004.0642125606537,UNDER,CondensedNearestNeighbour,0,,0.1597990614165884,0.8402009385834116,308,"{'classifier': {'C': 73.80097567921412, 'l1_ratio': 0.7056825167387002, 'name': 'LR', 'penalty_solver': 'l2+newton-cg', 'random_state': 39, 'tol': 0.002184260727039856}, 'sub': {'n_neighbors': 23, 'n_seeds_S': 2, 'random_state': 39, 'smo_grp': 'UNDER', 'type': 'CondensedNearestNeighbour'}}"
309,0.8660261462331356,1004.1616230010986,OVER,KMeansSMOTE,1,No clusters found with sufficient samples of class 1. Try lowering the cluster_balance_threshold or increasing the number of clusters.,1.0,0.0,309,"{'classifier': {'algorithm': 'ball_tree', 'n_neighbors': 38, 'name': 'KNN', 'p': 16, 'random_state': 39, 'weights': 'distance'}, 'sub': {'cluster_balance_threshold': 0.4236339519138707, 'k_neighbors': 6, 'random_state': 39, 'smo_grp': 'OVER', 'type': 'KMeansSMOTE'}}"
310,0.8660261462331356,1004.7815039157867,UNDER,NeighbourhoodCleaningRule,0,,0.17222500250118422,0.8277749974988158,310,"{'classifier': {'C': 89.96994564890238, 'l1_ratio': 0.7297757433742172, 'name': 'LR', 'penalty_solver': 'l2+lbfgs', 'random_state': 39, 'tol': 0.001887978470706348}, 'sub': {'n_neighbors': 13, 'smo_grp': 'UNDER', 'threshold_cleaning': 0.7604788045905326, 'type': 'NeighbourhoodCleaningRule'}}"
311,0.8660261462331356,1005.1042723655701,OVER,BorderlineSMOTE,0,,0.36379159791903803,0.636208402080962,311,"{'classifier': {'criterion': 'entropy', 'max_depth': 14, 'max_features': None, 'min_samples_leaf': 12, 'min_samples_split': 17, 'name': 'DTC', 'random_state': 39}, 'sub': {'k_neighbors': 7, 'kind': 'borderline-2', 'm_neighbors': 5, 'random_state': 39, 'smo_grp': 'OVER', 'type': 'BorderlineSMOTE'}}"
312,0.8660261462331356,1005.5503945350647,UNDER,NearMiss,0,,1.0,0.0,312,"{'classifier': {'algorithm': 'kd_tree', 'n_neighbors': 49, 'name': 'KNN', 'p': 10, 'random_state': 39, 'weights': 'uniform'}, 'sub': {'n_neighbors': 19, 'n_neighbors_ver3': 4, 'smo_grp': 'UNDER', 'type': 'NearMiss', 'version': 1}}"
313,0.8660261462331356,1006.345293045044,OVER,ADASYN,0,,0.2777378759367013,0.7222621240632987,313,"{'classifier': {'algorithm': 'auto', 'n_neighbors': 39, 'name': 'KNN', 'p': 6, 'random_state': 39, 'weights': 'distance'}, 'sub': {'n_neighbors': 8, 'random_state': 39, 'smo_grp': 'OVER', 'type': 'ADASYN'}}"
314,0.8660261462331356,1006.4034435749054,OVER,RandomOverSampler,0,,0.3756700548063223,0.6243299451936777,314,"{'classifier': {'criterion': 'entropy', 'max_depth': 10, 'max_features': 'log2', 'min_samples_leaf': 9, 'min_samples_split': 17, 'name': 'DTC', 'random_state': 39}, 'sub': {'random_state': 39, 'smo_grp': 'OVER', 'type': 'RandomOverSampler'}}"
315,0.8660261462331356,1007.3914887905121,COMBINE,SMOTETomek,0,,0.46354409910611616,0.5364559008938838,315,"{'classifier': {'C': 132.58880183383303, 'coef0': 0.4557151513633422, 'degree': 2, 'gamma': 'auto', 'gamma_value': 3.224910594446059, 'kernel': 'sigmoid', 'name': 'SVM', 'probability': False, 'random_state': 39, 'shrinking': False, 'tol': 0.05481765435129126}, 'sub': {'random_state': 39, 'smo_grp': 'COMBINE', 'type': 'SMOTETomek'}}"
316,0.8660261462331356,1010.128716468811,OVER,SMOTE,0,,0.2289534487747953,0.7710465512252047,316,"{'classifier': {'C': 168.32614366217578, 'coef0': 0.47072883953770717, 'degree': 2, 'gamma': 'scale', 'gamma_value': 7.380482318775849, 'kernel': 'poly', 'name': 'SVM', 'probability': True, 'random_state': 39, 'shrinking': True, 'tol': 0.0284377802891066}, 'sub': {'k_neighbors': 1, 'random_state': 39, 'smo_grp': 'OVER', 'type': 'SMOTE'}}"
317,0.8660261462331356,1011.1397268772125,COMBINE,SMOTEENN,0,,0.2779144797125862,0.7220855202874138,317,"{'classifier': {'algorithm': 'kd_tree', 'n_neighbors': 37, 'name': 'KNN', 'p': 3, 'random_state': 39, 'weights': 'uniform'}, 'sub': {'random_state': 39, 'smo_grp': 'COMBINE', 'type': 'SMOTEENN'}}"
318,0.8660261462331356,1013.6447849273682,UNDER,ClusterCentroids,0,,0.2294111594488466,0.7705888405511534,318,"{'classifier': {'C': 82.98606797812266, 'l1_ratio': 0.0035747488119077563, 'name': 'LR', 'penalty_solver': 'l2+sag', 'random_state': 39, 'tol': 0.03201857099381769}, 'sub': {'estimator': 'MiniBatchKMeans', 'random_state': 39, 'smo_grp': 'UNDER', 'type': 'ClusterCentroids', 'voting': 'soft'}}"
319,0.8660261462331356,1014.7183954715729,OVER,ADASYN,0,,0.2983973730281173,0.7016026269718827,319,"{'classifier': {'algorithm': 'kd_tree', 'n_neighbors': 40, 'name': 'KNN', 'p': 8, 'random_state': 39, 'weights': 'distance'}, 'sub': {'n_neighbors': 6, 'random_state': 39, 'smo_grp': 'OVER', 'type': 'ADASYN'}}"
320,0.8660261462331356,1014.9592177867889,UNDER,NearMiss,0,,0.3816622971974819,0.6183377028025181,320,"{'classifier': {'C': 95.05076168550187, 'coef0': 0.7625885173738591, 'degree': 3, 'gamma': 'value', 'gamma_value': 1.2986372996889683, 'kernel': 'poly', 'name': 'SVM', 'probability': True, 'random_state': 39, 'shrinking': False, 'tol': 0.06173868457291458}, 'sub': {'n_neighbors': 5, 'n_neighbors_ver3': 2, 'smo_grp': 'UNDER', 'type': 'NearMiss', 'version': 1}}"
321,0.8660261462331356,1021.6219327449799,NO,NO,0,,1.0,0.0,321,"{'classifier': {'bootstrap': True, 'class_weight': None, 'criterion': 'gini', 'max_features': 1, 'min_samples_leaf': 10, 'min_samples_split': 15, 'n_estimators': 147, 'name': 'RF', 'random_state': 39}, 'sub': {'smo_grp': 'NO', 'type': 'NO'}}"
322,0.8660261462331356,1022.0846586227417,COMBINE,SMOTETomek,0,,0.20851285392779695,0.791487146072203,322,"{'classifier': {'C': 74.49502128004113, 'l1_ratio': 0.15835658469109926, 'name': 'LR', 'penalty_solver': 'l1+saga', 'random_state': 39, 'tol': 0.09541238940042102}, 'sub': {'random_state': 39, 'smo_grp': 'COMBINE', 'type': 'SMOTETomek'}}"
323,0.8660261462331356,1030.3181202411652,COMBINE,SMOTETomek,0,,0.19843013637563744,0.8015698636243626,323,"{'classifier': {'C': 187.9688125819327, 'coef0': -0.9029249620623017, 'degree': 2, 'gamma': 'auto', 'gamma_value': 1.9258384861514342, 'kernel': 'linear', 'name': 'SVM', 'probability': True, 'random_state': 39, 'shrinking': False, 'tol': 0.08068263355338882}, 'sub': {'random_state': 39, 'smo_grp': 'COMBINE', 'type': 'SMOTETomek'}}"
324,0.8660261462331356,1037.4009499549866,UNDER,CondensedNearestNeighbour,0,,0.7959559885480119,0.20404401145198808,324,"{'classifier': {'algorithm': 'auto', 'n_neighbors': 44, 'name': 'KNN', 'p': 15, 'random_state': 39, 'weights': 'uniform'}, 'sub': {'n_neighbors': 23, 'n_seeds_S': 49, 'random_state': 39, 'smo_grp': 'UNDER', 'type': 'CondensedNearestNeighbour'}}"
325,0.8660261462331356,1043.260735988617,COMBINE,SMOTEENN,0,,0.3690508261859178,0.6309491738140822,325,"{'classifier': {'bootstrap': True, 'class_weight': None, 'criterion': 'gini', 'max_features': 'sqrt', 'min_samples_leaf': 1, 'min_samples_split': 11, 'n_estimators': 120, 'name': 'RF', 'random_state': 39}, 'sub': {'random_state': 39, 'smo_grp': 'COMBINE', 'type': 'SMOTEENN'}}"
326,0.8660261462331356,1043.8875494003296,UNDER,NeighbourhoodCleaningRule,0,,0.5564019252081255,0.4435980747918745,326,"{'classifier': {'criterion': 'gini', 'max_depth': 14, 'max_features': 'log2', 'min_samples_leaf': 11, 'min_samples_split': 13, 'name': 'DTC', 'random_state': 39}, 'sub': {'n_neighbors': 15, 'smo_grp': 'UNDER', 'threshold_cleaning': 0.3274094934045416, 'type': 'NeighbourhoodCleaningRule'}}"
327,0.8660261462331356,1059.3718736171722,UNDER,CondensedNearestNeighbour,0,,0.18093023772079397,0.819069762279206,327,"{'classifier': {'C': 166.59113841609653, 'coef0': -0.8797035496892842, 'degree': 3, 'gamma': 'scale', 'gamma_value': 6.026948105435864, 'kernel': 'linear', 'name': 'SVM', 'probability': False, 'random_state': 39, 'shrinking': True, 'tol': 0.0576833305868295}, 'sub': {'n_neighbors': 3, 'n_seeds_S': 31, 'random_state': 39, 'smo_grp': 'UNDER', 'type': 'CondensedNearestNeighbour'}}"
328,0.8660261462331356,1059.4868993759155,NO,NO,0,,1.0,0.0,328,"{'classifier': {'algorithm': 'brute', 'n_neighbors': 48, 'name': 'KNN', 'p': 1, 'random_state': 39, 'weights': 'distance'}, 'sub': {'smo_grp': 'NO', 'type': 'NO'}}"
329,0.8660261462331356,1062.1908738613129,UNDER,InstanceHardnessThreshold,0,,0.33812204210243724,0.6618779578975628,329,"{'classifier': {'algorithm': 'auto', 'n_neighbors': 12, 'name': 'KNN', 'p': 9, 'random_state': 39, 'weights': 'distance'}, 'sub': {'cv': 5, 'estimator': 'linear-svm', 'random_state': 39, 'smo_grp': 'UNDER', 'type': 'InstanceHardnessThreshold'}}"
330,0.8660261462331356,1062.2452590465546,UNDER,NearMiss,0,,0.4178034808813581,0.5821965191186419,330,"{'classifier': {'criterion': 'entropy', 'max_depth': 17, 'max_features': 'log2', 'min_samples_leaf': 2, 'min_samples_split': 5, 'name': 'DTC', 'random_state': 39}, 'sub': {'n_neighbors': 3, 'n_neighbors_ver3': 15, 'smo_grp': 'UNDER', 'type': 'NearMiss', 'version': 1}}"
331,0.8660261462331356,1062.545937538147,OVER,SMOTENC,0,,0.2023343150431809,0.7976656849568191,331,"{'classifier': {'C': 81.81516087051507, 'l1_ratio': 0.7017926271268855, 'name': 'LR', 'penalty_solver': 'elasticnet+saga', 'random_state': 39, 'tol': 0.042180454786943364}, 'sub': {'categorical_features': True, 'k_neighbors': 7, 'random_state': 39, 'smo_grp': 'OVER', 'type': 'SMOTENC'}}"
332,0.8660261462331356,1063.4865672588348,UNDER,TomekLinks,0,,0.36260325997452203,0.637396740025478,332,"{'classifier': {'C': 55.78109610577977, 'coef0': 0.18969026767757913, 'degree': 4, 'gamma': 'auto', 'gamma_value': 6.343966026015427, 'kernel': 'linear', 'name': 'SVM', 'probability': True, 'random_state': 39, 'shrinking': True, 'tol': 0.04819436068960072}, 'sub': {'smo_grp': 'UNDER', 'type': 'TomekLinks'}}"
333,0.8660261462331356,1063.9836220741272,OVER,SVMSMOTE,0,,0.4065876070854695,0.5934123929145305,333,"{'classifier': {'bootstrap': True, 'class_weight': None, 'criterion': 'gini', 'max_features': 'sqrt', 'min_samples_leaf': 11, 'min_samples_split': 13, 'n_estimators': 9, 'name': 'RF', 'random_state': 39}, 'sub': {'k_neighbors': 2, 'm_neighbors': 9, 'out_step': 0.9632286892149831, 'random_state': 39, 'smo_grp': 'OVER', 'type': 'SVMSMOTE'}}"
334,0.8660261462331356,1064.786639213562,UNDER,InstanceHardnessThreshold,0,,0.38156225813934674,0.6184377418606533,334,"{'classifier': {'C': 109.21440703168948, 'coef0': 0.3170625288442297, 'degree': 4, 'gamma': 'auto', 'gamma_value': 0.6263752249982034, 'kernel': 'linear', 'name': 'SVM', 'probability': True, 'random_state': 39, 'shrinking': True, 'tol': 0.014946926519007676}, 'sub': {'cv': 2, 'estimator': 'linear-svm', 'random_state': 39, 'smo_grp': 'UNDER', 'type': 'InstanceHardnessThreshold'}}"
335,0.8660261462331356,1066.1136801242828,UNDER,TomekLinks,0,,0.4200945973968844,0.5799054026031156,335,"{'classifier': {'bootstrap': False, 'class_weight': 'balanced', 'criterion': 'entropy', 'max_features': 'log2', 'min_samples_leaf': 5, 'min_samples_split': 4, 'n_estimators': 25, 'name': 'RF', 'random_state': 39}, 'sub': {'smo_grp': 'UNDER', 'type': 'TomekLinks'}}"
336,0.8660261462331356,1066.5914492607117,OVER,RandomOverSampler,0,,0.2997054593098911,0.7002945406901089,336,"{'classifier': {'algorithm': 'auto', 'n_neighbors': 31, 'name': 'KNN', 'p': 3, 'random_state': 39, 'weights': 'distance'}, 'sub': {'random_state': 39, 'smo_grp': 'OVER', 'type': 'RandomOverSampler'}}"
337,0.8660261462331356,1066.976508140564,UNDER,RepeatedEditedNearestNeighbours,0,,0.27453985816881,0.72546014183119,337,"{'classifier': {'C': 27.34367360092263, 'l1_ratio': 0.6695744695053447, 'name': 'LR', 'penalty_solver': 'none+lbfgs', 'random_state': 39, 'tol': 0.023201163655320125}, 'sub': {'kind_sel': 'mode', 'n_neighbors': 11, 'smo_grp': 'UNDER', 'type': 'RepeatedEditedNearestNeighbours'}}"
338,0.8660261462331356,1067.556046962738,UNDER,AllKNN,0,,0.6349261317316364,0.3650738682683637,338,"{'classifier': {'C': 175.5575961663332, 'coef0': -0.6195874868179108, 'degree': 2, 'gamma': 'value', 'gamma_value': 4.573498547083162, 'kernel': 'poly', 'name': 'SVM', 'probability': False, 'random_state': 39, 'shrinking': True, 'tol': 0.04277762704983926}, 'sub': {'allow_minority': False, 'kind_sel': 'all', 'n_neighbors': 13, 'smo_grp': 'UNDER', 'type': 'AllKNN'}}"
339,0.8660261462331356,1067.6181800365448,UNDER,NearMiss,0,,0.18579162273384497,0.814208377266155,339,"{'classifier': {'C': 73.47929924320096, 'l1_ratio': 0.49820066784563133, 'name': 'LR', 'penalty_solver': 'l2+liblinear', 'random_state': 39, 'tol': 0.08962236352783846}, 'sub': {'n_neighbors': 6, 'n_neighbors_ver3': 18, 'smo_grp': 'UNDER', 'type': 'NearMiss', 'version': 2}}"
340,0.8660261462331356,1082.4041783809662,UNDER,InstanceHardnessThreshold,0,,0.4405427571964077,0.5594572428035923,340,"{'classifier': {'algorithm': 'brute', 'n_neighbors': 17, 'name': 'KNN', 'p': 9, 'random_state': 39, 'weights': 'distance'}, 'sub': {'cv': 5, 'estimator': None, 'random_state': 39, 'smo_grp': 'UNDER', 'type': 'InstanceHardnessThreshold'}}"
341,0.8660261462331356,1084.309176683426,UNDER,ClusterCentroids,0,,0.2724566241139639,0.7275433758860361,341,"{'classifier': {'algorithm': 'ball_tree', 'n_neighbors': 46, 'name': 'KNN', 'p': 16, 'random_state': 39, 'weights': 'uniform'}, 'sub': {'estimator': 'MiniBatchKMeans', 'random_state': 39, 'smo_grp': 'UNDER', 'type': 'ClusterCentroids', 'voting': 'hard'}}"
342,0.8660261462331356,1085.2719357013702,OVER,ADASYN,0,,0.46442391027534946,0.5355760897246505,342,"{'classifier': {'C': 155.28169319680345, 'coef0': -0.613442131560979, 'degree': 2, 'gamma': 'scale', 'gamma_value': 1.7793584440400538, 'kernel': 'sigmoid', 'name': 'SVM', 'probability': False, 'random_state': 39, 'shrinking': False, 'tol': 0.02033340321493332}, 'sub': {'n_neighbors': 1, 'random_state': 39, 'smo_grp': 'OVER', 'type': 'ADASYN'}}"
343,0.8660261462331356,1086.620719909668,UNDER,InstanceHardnessThreshold,0,,0.3670633879456805,0.6329366120543195,343,"{'classifier': {'C': 67.19728558308447, 'l1_ratio': 0.6411670848546991, 'name': 'LR', 'penalty_solver': 'l2+newton-cg', 'random_state': 39, 'tol': 0.05992280219285695}, 'sub': {'cv': 3, 'estimator': 'linear-svm', 'random_state': 39, 'smo_grp': 'UNDER', 'type': 'InstanceHardnessThreshold'}}"
344,0.8660261462331356,1094.5687522888184,COMBINE,SMOTETomek,0,,0.3186574949370008,0.6813425050629992,344,"{'classifier': {'bootstrap': False, 'class_weight': 'balanced_subsample', 'criterion': 'entropy', 'max_features': 'log2', 'min_samples_leaf': 18, 'min_samples_split': 10, 'n_estimators': 112, 'name': 'RF', 'random_state': 39}, 'sub': {'random_state': 39, 'smo_grp': 'COMBINE', 'type': 'SMOTETomek'}}"
345,0.8660261462331356,1095.9705593585968,UNDER,NeighbourhoodCleaningRule,0,,1.0,0.0,345,"{'classifier': {'algorithm': 'ball_tree', 'n_neighbors': 47, 'name': 'KNN', 'p': 9, 'random_state': 39, 'weights': 'uniform'}, 'sub': {'n_neighbors': 10, 'smo_grp': 'UNDER', 'threshold_cleaning': 0.11906646658976405, 'type': 'NeighbourhoodCleaningRule'}}"
346,0.8660261462331356,1097.3309843540192,NO,NO,0,,0.5988570043122075,0.4011429956877926,346,"{'classifier': {'bootstrap': False, 'class_weight': None, 'criterion': 'entropy', 'max_features': 'sqrt', 'min_samples_leaf': 2, 'min_samples_split': 17, 'n_estimators': 39, 'name': 'RF', 'random_state': 39}, 'sub': {'smo_grp': 'NO', 'type': 'NO'}}"
347,0.8660261462331356,1097.5405659675598,COMBINE,SMOTETomek,0,,0.18875355608627853,0.8112464439137215,347,"{'classifier': {'C': 86.56696058406678, 'l1_ratio': 0.9217861878090131, 'name': 'LR', 'penalty_solver': 'l1+liblinear', 'random_state': 39, 'tol': 0.052574943282431265}, 'sub': {'random_state': 39, 'smo_grp': 'COMBINE', 'type': 'SMOTETomek'}}"
348,0.8660261462331356,1097.9288120269775,UNDER,NeighbourhoodCleaningRule,0,,0.3156382445744217,0.6843617554255783,348,"{'classifier': {'C': 96.05232093210749, 'l1_ratio': 0.5553805904073328, 'name': 'LR', 'penalty_solver': 'none+saga', 'random_state': 39, 'tol': 0.06578303885460741}, 'sub': {'n_neighbors': 17, 'smo_grp': 'UNDER', 'threshold_cleaning': 0.6631154695411626, 'type': 'NeighbourhoodCleaningRule'}}"
349,0.8660261462331356,1099.2497086524963,UNDER,NeighbourhoodCleaningRule,0,,0.8350084177231389,0.16499158227686112,349,"{'classifier': {'algorithm': 'ball_tree', 'n_neighbors': 16, 'name': 'KNN', 'p': 3, 'random_state': 39, 'weights': 'uniform'}, 'sub': {'n_neighbors': 4, 'smo_grp': 'UNDER', 'threshold_cleaning': 0.13013463954624682, 'type': 'NeighbourhoodCleaningRule'}}"
350,0.8660261462331356,1099.6239082813263,OVER,ADASYN,0,,0.3059922279429582,0.6940077720570418,350,"{'classifier': {'algorithm': 'auto', 'n_neighbors': 12, 'name': 'KNN', 'p': 7, 'random_state': 39, 'weights': 'distance'}, 'sub': {'n_neighbors': 8, 'random_state': 39, 'smo_grp': 'OVER', 'type': 'ADASYN'}}"
351,0.8660261462331356,1099.6702525615692,UNDER,RandomUnderSampler,0,,0.41814167444014916,0.5818583255598508,351,"{'classifier': {'C': 97.31844123236132, 'coef0': 0.3647186468044048, 'degree': 2, 'gamma': 'auto', 'gamma_value': 0.2740208306860288, 'kernel': 'sigmoid', 'name': 'SVM', 'probability': False, 'random_state': 39, 'shrinking': False, 'tol': 0.07484609960424057}, 'sub': {'random_state': 39, 'replacement': True, 'smo_grp': 'UNDER', 'type': 'RandomUnderSampler'}}"
352,0.8660261462331356,1107.7261979579926,OVER,ADASYN,0,,0.3056988115839743,0.6943011884160257,352,"{'classifier': {'bootstrap': True, 'class_weight': 'balanced', 'criterion': 'entropy', 'max_features': None, 'min_samples_leaf': 9, 'min_samples_split': 2, 'n_estimators': 109, 'name': 'RF', 'random_state': 39}, 'sub': {'n_neighbors': 9, 'random_state': 39, 'smo_grp': 'OVER', 'type': 'ADASYN'}}"
353,0.8660261462331356,1108.499853849411,UNDER,RepeatedEditedNearestNeighbours,0,,0.8626226552146785,0.13737734478532143,353,"{'classifier': {'algorithm': 'brute', 'n_neighbors': 42, 'name': 'KNN', 'p': 14, 'random_state': 39, 'weights': 'distance'}, 'sub': {'kind_sel': 'all', 'n_neighbors': 10, 'smo_grp': 'UNDER', 'type': 'RepeatedEditedNearestNeighbours'}}"
354,0.8660261462331356,1109.2820932865143,COMBINE,SMOTETomek,0,,0.3051308196198972,0.6948691803801028,354,"{'classifier': {'algorithm': 'ball_tree', 'n_neighbors': 35, 'name': 'KNN', 'p': 14, 'random_state': 39, 'weights': 'uniform'}, 'sub': {'random_state': 39, 'smo_grp': 'COMBINE', 'type': 'SMOTETomek'}}"
355,0.8660261462331356,1111.0961692333221,UNDER,OneSidedSelection,0,,0.42264030453433654,0.5773596954656635,355,"{'classifier': {'bootstrap': False, 'class_weight': 'balanced_subsample', 'criterion': 'gini', 'max_features': 'log2', 'min_samples_leaf': 5, 'min_samples_split': 4, 'n_estimators': 95, 'name': 'RF', 'random_state': 39}, 'sub': {'n_neighbors': 10, 'n_seeds_S': 11, 'random_state': 39, 'smo_grp': 'UNDER', 'type': 'OneSidedSelection'}}"
356,0.8660261462331356,1111.1640963554382,OVER,RandomOverSampler,0,,0.16636337400991918,0.8336366259900808,356,"{'classifier': {'C': 83.71873692555864, 'l1_ratio': 0.1565073686788672, 'name': 'LR', 'penalty_solver': 'elasticnet+saga', 'random_state': 39, 'tol': 0.050417860004013035}, 'sub': {'random_state': 39, 'smo_grp': 'OVER', 'type': 'RandomOverSampler'}}"
357,0.8660261462331356,1111.22785115242,UNDER,NearMiss,0,,0.37730500911033604,0.622694990889664,357,"{'classifier': {'C': 133.59479437931503, 'coef0': -0.02148988386002837, 'degree': 3, 'gamma': 'scale', 'gamma_value': 4.962281586677702, 'kernel': 'poly', 'name': 'SVM', 'probability': False, 'random_state': 39, 'shrinking': True, 'tol': 0.05498234796285646}, 'sub': {'n_neighbors': 7, 'n_neighbors_ver3': 3, 'smo_grp': 'UNDER', 'type': 'NearMiss', 'version': 1}}"
358,0.8660261462331356,1111.9975764751434,UNDER,RandomUnderSampler,0,,0.3420035280847573,0.6579964719152427,358,"{'classifier': {'bootstrap': False, 'class_weight': 'balanced', 'criterion': 'entropy', 'max_features': 'sqrt', 'min_samples_leaf': 16, 'min_samples_split': 15, 'n_estimators': 56, 'name': 'RF', 'random_state': 39}, 'sub': {'random_state': 39, 'replacement': False, 'smo_grp': 'UNDER', 'type': 'RandomUnderSampler'}}"
359,0.8660261462331356,1113.0187530517578,OVER,SMOTENC,0,,0.2914553863502076,0.7085446136497924,359,"{'classifier': {'algorithm': 'ball_tree', 'n_neighbors': 39, 'name': 'KNN', 'p': 14, 'random_state': 39, 'weights': 'uniform'}, 'sub': {'categorical_features': True, 'k_neighbors': 6, 'random_state': 39, 'smo_grp': 'OVER', 'type': 'SMOTENC'}}"
360,0.8660261462331356,1113.0636048316956,NO,NO,0,,0.507298804881234,0.492701195118766,360,"{'classifier': {'C': 10.949067983441829, 'l1_ratio': 0.54179917133577, 'name': 'LR', 'penalty_solver': 'none+saga', 'random_state': 39, 'tol': 0.09247561848666441}, 'sub': {'smo_grp': 'NO', 'type': 'NO'}}"
361,0.8660261462331356,1114.138168811798,OVER,SMOTE,0,,0.3801683048314961,0.6198316951685039,361,"{'classifier': {'algorithm': 'brute', 'n_neighbors': 17, 'name': 'KNN', 'p': 10, 'random_state': 39, 'weights': 'uniform'}, 'sub': {'k_neighbors': 3, 'random_state': 39, 'smo_grp': 'OVER', 'type': 'SMOTE'}}"
362,0.8660261462331356,1114.306027173996,COMBINE,SMOTEENN,0,,0.3682866375708608,0.6317133624291392,362,"{'classifier': {'criterion': 'gini', 'max_depth': 3, 'max_features': 1, 'min_samples_leaf': 4, 'min_samples_split': 18, 'name': 'DTC', 'random_state': 39}, 'sub': {'random_state': 39, 'smo_grp': 'COMBINE', 'type': 'SMOTEENN'}}"
363,0.8660261462331356,1114.3514058589935,OVER,RandomOverSampler,0,,0.3806970816871458,0.6193029183128542,363,"{'classifier': {'criterion': 'gini', 'max_depth': 11, 'max_features': 1, 'min_samples_leaf': 5, 'min_samples_split': 13, 'name': 'DTC', 'random_state': 39}, 'sub': {'random_state': 39, 'smo_grp': 'OVER', 'type': 'RandomOverSampler'}}"
364,0.8660261462331356,1114.476889371872,OVER,SVMSMOTE,0,,0.43356057516243174,0.5664394248375683,364,"{'classifier': {'criterion': 'entropy', 'max_depth': 18, 'max_features': 'sqrt', 'min_samples_leaf': 9, 'min_samples_split': 2, 'name': 'DTC', 'random_state': 39}, 'sub': {'k_neighbors': 6, 'm_neighbors': 6, 'out_step': 0.49234462961811976, 'random_state': 39, 'smo_grp': 'OVER', 'type': 'SVMSMOTE'}}"
365,0.8660261462331356,1115.2187378406525,OVER,RandomOverSampler,0,,0.3108615079965621,0.6891384920034379,365,"{'classifier': {'algorithm': 'ball_tree', 'n_neighbors': 47, 'name': 'KNN', 'p': 10, 'random_state': 39, 'weights': 'distance'}, 'sub': {'random_state': 39, 'smo_grp': 'OVER', 'type': 'RandomOverSampler'}}"
366,0.8660261462331356,1115.2949821949005,OVER,KMeansSMOTE,1,No clusters found with sufficient samples of class 1. Try lowering the cluster_balance_threshold or increasing the number of clusters.,1.0,0.0,366,"{'classifier': {'criterion': 'gini', 'max_depth': 12, 'max_features': 'sqrt', 'min_samples_leaf': 12, 'min_samples_split': 12, 'name': 'DTC', 'random_state': 39}, 'sub': {'cluster_balance_threshold': 0.7466330074369777, 'k_neighbors': 4, 'random_state': 39, 'smo_grp': 'OVER', 'type': 'KMeansSMOTE'}}"
367,0.8660261462331356,1115.465493440628,OVER,BorderlineSMOTE,0,,0.233331956314194,0.766668043685806,367,"{'classifier': {'C': 97.24928590801775, 'l1_ratio': 0.9337599338658972, 'name': 'LR', 'penalty_solver': 'none+sag', 'random_state': 39, 'tol': 0.022497395952669242}, 'sub': {'k_neighbors': 9, 'kind': 'borderline-1', 'm_neighbors': 2, 'random_state': 39, 'smo_grp': 'OVER', 'type': 'BorderlineSMOTE'}}"
368,0.8660261462331356,1115.8518605232239,UNDER,RepeatedEditedNearestNeighbours,0,,0.6230396128762643,0.3769603871237357,368,"{'classifier': {'criterion': 'gini', 'max_depth': 6, 'max_features': 1, 'min_samples_leaf': 1, 'min_samples_split': 18, 'name': 'DTC', 'random_state': 39}, 'sub': {'kind_sel': 'mode', 'n_neighbors': 8, 'smo_grp': 'UNDER', 'type': 'RepeatedEditedNearestNeighbours'}}"
369,0.8660261462331356,1123.2638890743256,UNDER,InstanceHardnessThreshold,0,,0.5869321529705505,0.41306784702944954,369,"{'classifier': {'C': 28.521505625627718, 'coef0': 0.8515266352971405, 'degree': 2, 'gamma': 'scale', 'gamma_value': 4.01829350040236, 'kernel': 'sigmoid', 'name': 'SVM', 'probability': False, 'random_state': 39, 'shrinking': False, 'tol': 0.04024347689371847}, 'sub': {'cv': 4, 'estimator': None, 'random_state': 39, 'smo_grp': 'UNDER', 'type': 'InstanceHardnessThreshold'}}"
370,0.8660261462331356,1123.5779235363007,COMBINE,SMOTEENN,0,,0.48255366545686695,0.517446334543133,370,"{'classifier': {'C': 7.988659286909399, 'coef0': -0.7434829324115733, 'degree': 4, 'gamma': 'value', 'gamma_value': 2.9831428201561914, 'kernel': 'poly', 'name': 'SVM', 'probability': False, 'random_state': 39, 'shrinking': True, 'tol': 0.08669514423153914}, 'sub': {'random_state': 39, 'smo_grp': 'COMBINE', 'type': 'SMOTEENN'}}"
371,0.8660261462331356,1124.310132265091,UNDER,NeighbourhoodCleaningRule,0,,0.6764419232580987,0.3235580767419013,371,"{'classifier': {'algorithm': 'auto', 'n_neighbors': 28, 'name': 'KNN', 'p': 7, 'random_state': 39, 'weights': 'distance'}, 'sub': {'n_neighbors': 8, 'smo_grp': 'UNDER', 'threshold_cleaning': 0.7232866724522388, 'type': 'NeighbourhoodCleaningRule'}}"
372,0.8660261462331356,1124.4352669715881,OVER,ADASYN,0,,0.361677773825802,0.638322226174198,372,"{'classifier': {'criterion': 'gini', 'max_depth': 6, 'max_features': None, 'min_samples_leaf': 7, 'min_samples_split': 6, 'name': 'DTC', 'random_state': 39}, 'sub': {'n_neighbors': 4, 'random_state': 39, 'smo_grp': 'OVER', 'type': 'ADASYN'}}"
373,0.8660261462331356,1125.4559655189514,UNDER,RepeatedEditedNearestNeighbours,0,,0.3569514218182759,0.6430485781817241,373,"{'classifier': {'C': 93.71795098257942, 'coef0': -0.44455325639791843, 'degree': 3, 'gamma': 'scale', 'gamma_value': 2.066640493203343, 'kernel': 'linear', 'name': 'SVM', 'probability': True, 'random_state': 39, 'shrinking': True, 'tol': 0.08481873590302279}, 'sub': {'kind_sel': 'mode', 'n_neighbors': 13, 'smo_grp': 'UNDER', 'type': 'RepeatedEditedNearestNeighbours'}}"
374,0.8660261462331356,1127.2235083580017,OVER,SVMSMOTE,0,,0.3924704040953745,0.6075295959046255,374,"{'classifier': {'bootstrap': False, 'class_weight': 'balanced', 'criterion': 'gini', 'max_features': 1, 'min_samples_leaf': 15, 'min_samples_split': 13, 'n_estimators': 60, 'name': 'RF', 'random_state': 39}, 'sub': {'k_neighbors': 7, 'm_neighbors': 3, 'out_step': 0.481291576644699, 'random_state': 39, 'smo_grp': 'OVER', 'type': 'SVMSMOTE'}}"
375,0.8660261462331356,1127.2907872200012,OVER,SMOTE,0,,0.3714486043237091,0.6285513956762909,375,"{'classifier': {'criterion': 'entropy', 'max_depth': 2, 'max_features': None, 'min_samples_leaf': 3, 'min_samples_split': 16, 'name': 'DTC', 'random_state': 39}, 'sub': {'k_neighbors': 2, 'random_state': 39, 'smo_grp': 'OVER', 'type': 'SMOTE'}}"
376,0.8660261462331356,1129.4517073631287,UNDER,RepeatedEditedNearestNeighbours,0,,0.5179101870892345,0.48208981291076547,376,"{'classifier': {'bootstrap': True, 'class_weight': None, 'criterion': 'entropy', 'max_features': None, 'min_samples_leaf': 1, 'min_samples_split': 5, 'n_estimators': 45, 'name': 'RF', 'random_state': 39}, 'sub': {'kind_sel': 'mode', 'n_neighbors': 15, 'smo_grp': 'UNDER', 'type': 'RepeatedEditedNearestNeighbours'}}"
377,0.8660261462331356,1135.0488078594208,OVER,SMOTENC,0,,0.4376851953651598,0.5623148046348402,377,"{'classifier': {'bootstrap': False, 'class_weight': 'balanced', 'criterion': 'entropy', 'max_features': 'sqrt', 'min_samples_leaf': 3, 'min_samples_split': 12, 'n_estimators': 133, 'name': 'RF', 'random_state': 39}, 'sub': {'categorical_features': True, 'k_neighbors': 2, 'random_state': 39, 'smo_grp': 'OVER', 'type': 'SMOTENC'}}"
378,0.8660261462331356,1137.0282807350159,COMBINE,SMOTEENN,0,,0.32104093423882407,0.6789590657611759,378,"{'classifier': {'bootstrap': True, 'class_weight': 'balanced', 'criterion': 'gini', 'max_features': None, 'min_samples_leaf': 9, 'min_samples_split': 8, 'n_estimators': 40, 'name': 'RF', 'random_state': 39}, 'sub': {'random_state': 39, 'smo_grp': 'COMBINE', 'type': 'SMOTEENN'}}"
379,0.8660261462331356,1137.3475005626678,COMBINE,SMOTETomek,0,,0.3468091146784229,0.6531908853215771,379,"{'classifier': {'criterion': 'gini', 'max_depth': 18, 'max_features': 'log2', 'min_samples_leaf': 16, 'min_samples_split': 18, 'name': 'DTC', 'random_state': 39}, 'sub': {'random_state': 39, 'smo_grp': 'COMBINE', 'type': 'SMOTETomek'}}"
380,0.8660261462331356,1147.4129931926727,UNDER,InstanceHardnessThreshold,0,,0.2640583532884364,0.7359416467115636,380,"{'classifier': {'C': 73.28953454909438, 'l1_ratio': 0.058446702936374904, 'name': 'LR', 'penalty_solver': 'l2+saga', 'random_state': 39, 'tol': 0.0455004972305824}, 'sub': {'cv': 5, 'estimator': 'gradient-boosting', 'random_state': 39, 'smo_grp': 'UNDER', 'type': 'InstanceHardnessThreshold'}}"
381,0.8660261462331356,1156.3871984481812,UNDER,CondensedNearestNeighbour,0,,0.21078500219524832,0.7892149978047517,381,"{'classifier': {'C': 96.19228052709438, 'l1_ratio': 0.30912590327001466, 'name': 'LR', 'penalty_solver': 'l1+liblinear', 'random_state': 39, 'tol': 0.08090881636725195}, 'sub': {'n_neighbors': 5, 'n_seeds_S': 36, 'random_state': 39, 'smo_grp': 'UNDER', 'type': 'CondensedNearestNeighbour'}}"
382,0.8660261462331356,1156.9309349060059,UNDER,AllKNN,0,,0.4825527765955673,0.5174472234044327,382,"{'classifier': {'criterion': 'entropy', 'max_depth': 15, 'max_features': 'log2', 'min_samples_leaf': 5, 'min_samples_split': 14, 'name': 'DTC', 'random_state': 39}, 'sub': {'allow_minority': True, 'kind_sel': 'all', 'n_neighbors': 12, 'smo_grp': 'UNDER', 'type': 'AllKNN'}}"
383,0.8660261462331356,1158.4897673130035,UNDER,RepeatedEditedNearestNeighbours,0,,0.2713465800377063,0.7286534199622937,383,"{'classifier': {'C': 87.40829985078796, 'coef0': 0.08285720431581622, 'degree': 2, 'gamma': 'value', 'gamma_value': 0.18154019934979074, 'kernel': 'poly', 'name': 'SVM', 'probability': True, 'random_state': 39, 'shrinking': False, 'tol': 0.03989956661218514}, 'sub': {'kind_sel': 'all', 'n_neighbors': 4, 'smo_grp': 'UNDER', 'type': 'RepeatedEditedNearestNeighbours'}}"
384,0.8660261462331356,1160.917010307312,UNDER,OneSidedSelection,0,,0.31108617260679916,0.6889138273932008,384,"{'classifier': {'bootstrap': False, 'class_weight': 'balanced_subsample', 'criterion': 'gini', 'max_features': 'log2', 'min_samples_leaf': 13, 'min_samples_split': 11, 'n_estimators': 86, 'name': 'RF', 'random_state': 39}, 'sub': {'n_neighbors': 15, 'n_seeds_S': 6, 'random_state': 39, 'smo_grp': 'UNDER', 'type': 'OneSidedSelection'}}"
385,0.8660261462331356,1164.7956478595734,OVER,ADASYN,0,,0.48135289167850526,0.5186471083214947,385,"{'classifier': {'C': 104.47698726603245, 'coef0': 0.301474342976513, 'degree': 3, 'gamma': 'scale', 'gamma_value': 4.157913763895017, 'kernel': 'sigmoid', 'name': 'SVM', 'probability': True, 'random_state': 39, 'shrinking': True, 'tol': 0.03806092509401004}, 'sub': {'n_neighbors': 7, 'random_state': 39, 'smo_grp': 'OVER', 'type': 'ADASYN'}}"
386,0.8660261462331356,1165.0384650230408,UNDER,TomekLinks,0,,0.30890894877456576,0.6910910512254342,386,"{'classifier': {'C': 30.813571724639218, 'l1_ratio': 0.2837837705368314, 'name': 'LR', 'penalty_solver': 'l1+liblinear', 'random_state': 39, 'tol': 0.04976258869758144}, 'sub': {'smo_grp': 'UNDER', 'type': 'TomekLinks'}}"
387,0.8660261462331356,1185.8540728092194,UNDER,InstanceHardnessThreshold,0,,0.2822524659866159,0.7177475340133841,387,"{'classifier': {'bootstrap': True, 'class_weight': 'balanced', 'criterion': 'entropy', 'max_features': 1, 'min_samples_leaf': 16, 'min_samples_split': 7, 'n_estimators': 119, 'name': 'RF', 'random_state': 39}, 'sub': {'cv': 8, 'estimator': 'gradient-boosting', 'random_state': 39, 'smo_grp': 'UNDER', 'type': 'InstanceHardnessThreshold'}}"
388,0.8660261462331356,1187.8274552822113,UNDER,EditedNearestNeighbours,0,,0.39931228705883337,0.6006877129411666,388,"{'classifier': {'bootstrap': False, 'class_weight': None, 'criterion': 'gini', 'max_features': None, 'min_samples_leaf': 4, 'min_samples_split': 15, 'n_estimators': 36, 'name': 'RF', 'random_state': 39}, 'sub': {'kind_sel': 'all', 'n_neighbors': 5, 'smo_grp': 'UNDER', 'type': 'EditedNearestNeighbours'}}"
389,0.8660261462331356,1187.9267609119415,UNDER,RandomUnderSampler,0,,0.4422114268424455,0.5577885731575545,389,"{'classifier': {'C': 70.44603297086623, 'coef0': 0.9955842040190783, 'degree': 3, 'gamma': 'value', 'gamma_value': 3.3433718668524, 'kernel': 'sigmoid', 'name': 'SVM', 'probability': True, 'random_state': 39, 'shrinking': False, 'tol': 0.03642401044026492}, 'sub': {'random_state': 39, 'replacement': False, 'smo_grp': 'UNDER', 'type': 'RandomUnderSampler'}}"
390,0.8660261462331356,1201.40145277977,UNDER,CondensedNearestNeighbour,0,,0.6650399740448323,0.3349600259551677,390,"{'classifier': {'criterion': 'entropy', 'max_depth': 19, 'max_features': 'sqrt', 'min_samples_leaf': 9, 'min_samples_split': 9, 'name': 'DTC', 'random_state': 39}, 'sub': {'n_neighbors': 20, 'n_seeds_S': 11, 'random_state': 39, 'smo_grp': 'UNDER', 'type': 'CondensedNearestNeighbour'}}"
391,0.8660261462331356,1202.2060332298279,UNDER,InstanceHardnessThreshold,0,,0.5766144407316626,0.42338555926833743,391,"{'classifier': {'bootstrap': False, 'class_weight': None, 'criterion': 'gini', 'max_features': 'log2', 'min_samples_leaf': 8, 'min_samples_split': 15, 'n_estimators': 15, 'name': 'RF', 'random_state': 39}, 'sub': {'cv': 6, 'estimator': 'knn', 'random_state': 39, 'smo_grp': 'UNDER', 'type': 'InstanceHardnessThreshold'}}"
392,0.8660261462331356,1205.5959935188293,UNDER,NearMiss,0,,0.4597346825600799,0.5402653174399201,392,"{'classifier': {'bootstrap': True, 'class_weight': None, 'criterion': 'entropy', 'max_features': None, 'min_samples_leaf': 14, 'min_samples_split': 3, 'n_estimators': 143, 'name': 'RF', 'random_state': 39}, 'sub': {'n_neighbors': 7, 'n_neighbors_ver3': 5, 'smo_grp': 'UNDER', 'type': 'NearMiss', 'version': 1}}"
393,0.8660261462331356,1205.7489948272705,NO,NO,0,,0.6215950403561971,0.37840495964380294,393,"{'classifier': {'C': 132.05955580215652, 'coef0': 0.4268790067412067, 'degree': 3, 'gamma': 'scale', 'gamma_value': 5.238437709805013, 'kernel': 'sigmoid', 'name': 'SVM', 'probability': False, 'random_state': 39, 'shrinking': False, 'tol': 0.09603949557682882}, 'sub': {'smo_grp': 'NO', 'type': 'NO'}}"
394,0.8660261462331356,1209.4691445827484,UNDER,NeighbourhoodCleaningRule,0,,0.3433827842295363,0.6566172157704637,394,"{'classifier': {'bootstrap': True, 'class_weight': 'balanced', 'criterion': 'entropy', 'max_features': 1, 'min_samples_leaf': 2, 'min_samples_split': 19, 'n_estimators': 117, 'name': 'RF', 'random_state': 39}, 'sub': {'n_neighbors': 5, 'smo_grp': 'UNDER', 'threshold_cleaning': 0.1233973393832698, 'type': 'NeighbourhoodCleaningRule'}}"
395,0.8660261462331356,1228.3776388168335,UNDER,ClusterCentroids,0,,0.30360314609383177,0.6963968539061682,395,"{'classifier': {'bootstrap': False, 'class_weight': 'balanced_subsample', 'criterion': 'entropy', 'max_features': 'log2', 'min_samples_leaf': 9, 'min_samples_split': 6, 'n_estimators': 32, 'name': 'RF', 'random_state': 39}, 'sub': {'estimator': 'KMeans', 'random_state': 39, 'smo_grp': 'UNDER', 'type': 'ClusterCentroids', 'voting': 'hard'}}"
396,0.8660261462331356,1228.4695925712585,OVER,KMeansSMOTE,1,No clusters found with sufficient samples of class 1. Try lowering the cluster_balance_threshold or increasing the number of clusters.,1.0,0.0,396,"{'classifier': {'criterion': 'gini', 'max_depth': 5, 'max_features': None, 'min_samples_leaf': 13, 'min_samples_split': 18, 'name': 'DTC', 'random_state': 39}, 'sub': {'cluster_balance_threshold': 0.4148786404294888, 'k_neighbors': 8, 'random_state': 39, 'smo_grp': 'OVER', 'type': 'KMeansSMOTE'}}"
397,0.8660261462331356,1228.5055801868439,UNDER,RandomUnderSampler,0,,0.3477296575885287,0.6522703424114713,397,"{'classifier': {'criterion': 'gini', 'max_depth': 4, 'max_features': 'sqrt', 'min_samples_leaf': 6, 'min_samples_split': 19, 'name': 'DTC', 'random_state': 39}, 'sub': {'random_state': 39, 'replacement': False, 'smo_grp': 'UNDER', 'type': 'RandomUnderSampler'}}"
398,0.8660261462331356,1229.469652891159,UNDER,NeighbourhoodCleaningRule,0,,0.5491278024078416,0.4508721975921584,398,"{'classifier': {'bootstrap': False, 'class_weight': None, 'criterion': 'gini', 'max_features': 'log2', 'min_samples_leaf': 10, 'min_samples_split': 10, 'n_estimators': 28, 'name': 'RF', 'random_state': 39}, 'sub': {'n_neighbors': 3, 'smo_grp': 'UNDER', 'threshold_cleaning': 0.0961458972771203, 'type': 'NeighbourhoodCleaningRule'}}"
399,0.8681778526392833,1229.8631782531738,COMBINE,SMOTEENN,0,,0.13182214736071673,0.8681778526392833,399,"{'classifier': {'C': 91.58413654247803, 'l1_ratio': 0.13124573077089316, 'name': 'LR', 'penalty_solver': 'none+lbfgs', 'random_state': 39, 'tol': 0.09375145892770984}, 'sub': {'random_state': 39, 'smo_grp': 'COMBINE', 'type': 'SMOTEENN'}}"
400,0.8681778526392833,1242.1976799964905,UNDER,InstanceHardnessThreshold,0,,1.0,0.0,400,"{'classifier': {'C': 55.40136917741488, 'coef0': -0.6047767101114461, 'degree': 4, 'gamma': 'value', 'gamma_value': 7.655463475235958, 'kernel': 'rbf', 'name': 'SVM', 'probability': False, 'random_state': 39, 'shrinking': False, 'tol': 0.043881803622351875}, 'sub': {'cv': 5, 'estimator': None, 'random_state': 39, 'smo_grp': 'UNDER', 'type': 'InstanceHardnessThreshold'}}"
401,0.8681778526392833,1242.2345101833344,NO,NO,0,,0.5655819482975912,0.4344180517024087,401,"{'classifier': {'criterion': 'entropy', 'max_depth': 18, 'max_features': 'log2', 'min_samples_leaf': 2, 'min_samples_split': 10, 'name': 'DTC', 'random_state': 39}, 'sub': {'smo_grp': 'NO', 'type': 'NO'}}"
402,0.8681778526392833,1242.6206867694855,OVER,RandomOverSampler,0,,0.33402754605463825,0.6659724539453618,402,"{'classifier': {'bootstrap': True, 'class_weight': None, 'criterion': 'gini', 'max_features': 1, 'min_samples_leaf': 12, 'min_samples_split': 5, 'n_estimators': 9, 'name': 'RF', 'random_state': 39}, 'sub': {'random_state': 39, 'smo_grp': 'OVER', 'type': 'RandomOverSampler'}}"
403,0.8681778526392833,1243.8809390068054,UNDER,EditedNearestNeighbours,0,,0.19165453453140857,0.8083454654685914,403,"{'classifier': {'C': 70.47926165405018, 'coef0': -0.2633874494078079, 'degree': 3, 'gamma': 'scale', 'gamma_value': 7.833468522937738, 'kernel': 'linear', 'name': 'SVM', 'probability': True, 'random_state': 39, 'shrinking': False, 'tol': 0.0471639544553318}, 'sub': {'kind_sel': 'all', 'n_neighbors': 18, 'smo_grp': 'UNDER', 'type': 'EditedNearestNeighbours'}}"
404,0.8681778526392833,1244.5407779216766,COMBINE,SMOTEENN,0,,0.2805530422298361,0.7194469577701639,404,"{'classifier': {'C': 39.9196489884788, 'coef0': -0.6753680827889434, 'degree': 2, 'gamma': 'auto', 'gamma_value': 2.78854844312998, 'kernel': 'rbf', 'name': 'SVM', 'probability': True, 'random_state': 39, 'shrinking': True, 'tol': 0.04155153502474759}, 'sub': {'random_state': 39, 'smo_grp': 'COMBINE', 'type': 'SMOTEENN'}}"
405,0.8681778526392833,1244.6622343063354,COMBINE,SMOTEENN,0,,0.47415169704780735,0.5258483029521926,405,"{'classifier': {'criterion': 'gini', 'max_depth': 2, 'max_features': 1, 'min_samples_leaf': 14, 'min_samples_split': 19, 'name': 'DTC', 'random_state': 39}, 'sub': {'random_state': 39, 'smo_grp': 'COMBINE', 'type': 'SMOTEENN'}}"
406,0.8681778526392833,1244.7595553398132,OVER,KMeansSMOTE,1,No clusters found with sufficient samples of class 1. Try lowering the cluster_balance_threshold or increasing the number of clusters.,1.0,0.0,406,"{'classifier': {'bootstrap': True, 'class_weight': 'balanced_subsample', 'criterion': 'gini', 'max_features': 'log2', 'min_samples_leaf': 5, 'min_samples_split': 19, 'n_estimators': 67, 'name': 'RF', 'random_state': 39}, 'sub': {'cluster_balance_threshold': 0.6513767796269279, 'k_neighbors': 1, 'random_state': 39, 'smo_grp': 'OVER', 'type': 'KMeansSMOTE'}}"
407,0.8681778526392833,1246.2423031330109,UNDER,AllKNN,0,,0.7267780570620263,0.27322194293797375,407,"{'classifier': {'bootstrap': False, 'class_weight': None, 'criterion': 'gini', 'max_features': 'log2', 'min_samples_leaf': 11, 'min_samples_split': 6, 'n_estimators': 71, 'name': 'RF', 'random_state': 39}, 'sub': {'allow_minority': False, 'kind_sel': 'all', 'n_neighbors': 2, 'smo_grp': 'UNDER', 'type': 'AllKNN'}}"
408,0.8681778526392833,1246.6334087848663,UNDER,RepeatedEditedNearestNeighbours,0,,0.3940283723831267,0.6059716276168733,408,"{'classifier': {'C': 92.57460227132991, 'coef0': 0.3260209132858778, 'degree': 4, 'gamma': 'scale', 'gamma_value': 4.450751340066747, 'kernel': 'poly', 'name': 'SVM', 'probability': True, 'random_state': 39, 'shrinking': False, 'tol': 0.044602208630730125}, 'sub': {'kind_sel': 'all', 'n_neighbors': 19, 'smo_grp': 'UNDER', 'type': 'RepeatedEditedNearestNeighbours'}}"
409,0.8681778526392833,1247.819887638092,UNDER,RepeatedEditedNearestNeighbours,0,,1.0,0.0,409,"{'classifier': {'algorithm': 'brute', 'n_neighbors': 22, 'name': 'KNN', 'p': 18, 'random_state': 39, 'weights': 'uniform'}, 'sub': {'kind_sel': 'mode', 'n_neighbors': 9, 'smo_grp': 'UNDER', 'type': 'RepeatedEditedNearestNeighbours'}}"
410,0.8681778526392833,1248.075926065445,UNDER,InstanceHardnessThreshold,0,,0.8356073002157607,0.16439269978423934,410,"{'classifier': {'criterion': 'entropy', 'max_depth': 18, 'max_features': 'log2', 'min_samples_leaf': 17, 'min_samples_split': 19, 'name': 'DTC', 'random_state': 39}, 'sub': {'cv': 7, 'estimator': 'decision-tree', 'random_state': 39, 'smo_grp': 'UNDER', 'type': 'InstanceHardnessThreshold'}}"
411,0.8681778526392833,1248.121421098709,OVER,SMOTE,0,,0.3500903826388122,0.6499096173611878,411,"{'classifier': {'criterion': 'gini', 'max_depth': 6, 'max_features': 1, 'min_samples_leaf': 14, 'min_samples_split': 14, 'name': 'DTC', 'random_state': 39}, 'sub': {'k_neighbors': 6, 'random_state': 39, 'smo_grp': 'OVER', 'type': 'SMOTE'}}"
412,0.8681778526392833,1248.2503247261047,UNDER,NearMiss,0,,0.4635524300237328,0.5364475699762672,412,"{'classifier': {'criterion': 'entropy', 'max_depth': 7, 'max_features': None, 'min_samples_leaf': 11, 'min_samples_split': 8, 'name': 'DTC', 'random_state': 39}, 'sub': {'n_neighbors': 3, 'n_neighbors_ver3': 13, 'smo_grp': 'UNDER', 'type': 'NearMiss', 'version': 2}}"
413,0.8681778526392833,1250.19109582901,UNDER,TomekLinks,0,,0.29403838812101046,0.7059616118789895,413,"{'classifier': {'bootstrap': False, 'class_weight': 'balanced_subsample', 'criterion': 'entropy', 'max_features': 1, 'min_samples_leaf': 13, 'min_samples_split': 18, 'n_estimators': 99, 'name': 'RF', 'random_state': 39}, 'sub': {'smo_grp': 'UNDER', 'type': 'TomekLinks'}}"
414,0.8681778526392833,1250.2893042564392,OVER,SMOTE,0,,0.2723314061336629,0.7276685938663371,414,"{'classifier': {'criterion': 'gini', 'max_depth': 4, 'max_features': 'log2', 'min_samples_leaf': 3, 'min_samples_split': 4, 'name': 'DTC', 'random_state': 39}, 'sub': {'k_neighbors': 9, 'random_state': 39, 'smo_grp': 'OVER', 'type': 'SMOTE'}}"
415,0.8681778526392833,1250.688865661621,COMBINE,SMOTEENN,0,,0.4432691904693675,0.5567308095306325,415,"{'classifier': {'C': 58.83106729640485, 'coef0': -0.6250401924395363, 'degree': 4, 'gamma': 'value', 'gamma_value': 5.556469499124502, 'kernel': 'poly', 'name': 'SVM', 'probability': False, 'random_state': 39, 'shrinking': False, 'tol': 0.09198427428807783}, 'sub': {'random_state': 39, 'smo_grp': 'COMBINE', 'type': 'SMOTEENN'}}"
416,0.8681778526392833,1251.7899050712585,UNDER,RepeatedEditedNearestNeighbours,0,,0.26447299874269625,0.7355270012573037,416,"{'classifier': {'C': 172.277431498474, 'coef0': 0.8820564194772804, 'degree': 4, 'gamma': 'value', 'gamma_value': 1.9299213737267404, 'kernel': 'linear', 'name': 'SVM', 'probability': False, 'random_state': 39, 'shrinking': False, 'tol': 0.08637855339179186}, 'sub': {'kind_sel': 'mode', 'n_neighbors': 15, 'smo_grp': 'UNDER', 'type': 'RepeatedEditedNearestNeighbours'}}"
417,0.8681778526392833,1252.9788088798523,UNDER,RepeatedEditedNearestNeighbours,0,,0.24233725142034113,0.7576627485796589,417,"{'classifier': {'C': 67.1107017427866, 'coef0': 0.011099113537135663, 'degree': 4, 'gamma': 'scale', 'gamma_value': 5.778106731230697, 'kernel': 'linear', 'name': 'SVM', 'probability': True, 'random_state': 39, 'shrinking': True, 'tol': 0.09134085725703597}, 'sub': {'kind_sel': 'all', 'n_neighbors': 4, 'smo_grp': 'UNDER', 'type': 'RepeatedEditedNearestNeighbours'}}"
418,0.8681778526392833,1253.394231557846,COMBINE,SMOTETomek,0,,0.1343061683532183,0.8656938316467817,418,"{'classifier': {'C': 61.10705555699673, 'l1_ratio': 0.07244483726298181, 'name': 'LR', 'penalty_solver': 'none+lbfgs', 'random_state': 39, 'tol': 0.0891575318735327}, 'sub': {'random_state': 39, 'smo_grp': 'COMBINE', 'type': 'SMOTETomek'}}"
419,0.8681778526392833,1254.5433292388916,UNDER,AllKNN,0,,0.5007745251327838,0.49922547486721625,419,"{'classifier': {'algorithm': 'brute', 'n_neighbors': 5, 'name': 'KNN', 'p': 2, 'random_state': 39, 'weights': 'uniform'}, 'sub': {'allow_minority': True, 'kind_sel': 'all', 'n_neighbors': 6, 'smo_grp': 'UNDER', 'type': 'AllKNN'}}"
420,0.8681778526392833,1255.292002439499,UNDER,EditedNearestNeighbours,0,,0.8585786437626906,0.1414213562373095,420,"{'classifier': {'algorithm': 'ball_tree', 'n_neighbors': 38, 'name': 'KNN', 'p': 4, 'random_state': 39, 'weights': 'distance'}, 'sub': {'kind_sel': 'all', 'n_neighbors': 16, 'smo_grp': 'UNDER', 'type': 'EditedNearestNeighbours'}}"
421,0.8681778526392833,1255.6113376617432,COMBINE,SMOTETomek,0,,0.13193190276884936,0.8680680972311506,421,"{'classifier': {'C': 40.99672634590339, 'l1_ratio': 0.633375997751731, 'name': 'LR', 'penalty_solver': 'l2+lbfgs', 'random_state': 39, 'tol': 0.08098649952226862}, 'sub': {'random_state': 39, 'smo_grp': 'COMBINE', 'type': 'SMOTETomek'}}"
422,0.8681778526392833,1256.3107764720917,OVER,BorderlineSMOTE,0,,0.3640356826917086,0.6359643173082914,422,"{'classifier': {'algorithm': 'ball_tree', 'n_neighbors': 3, 'name': 'KNN', 'p': 3, 'random_state': 39, 'weights': 'uniform'}, 'sub': {'k_neighbors': 6, 'kind': 'borderline-1', 'm_neighbors': 9, 'random_state': 39, 'smo_grp': 'OVER', 'type': 'BorderlineSMOTE'}}"
423,0.8681778526392833,1256.4275069236755,UNDER,RandomUnderSampler,0,,0.1470447332789805,0.8529552667210195,423,"{'classifier': {'C': 75.29560043957072, 'l1_ratio': 0.5028772589338875, 'name': 'LR', 'penalty_solver': 'none+lbfgs', 'random_state': 39, 'tol': 0.061612691063075986}, 'sub': {'random_state': 39, 'replacement': False, 'smo_grp': 'UNDER', 'type': 'RandomUnderSampler'}}"
424,0.8681778526392833,1268.174723148346,UNDER,InstanceHardnessThreshold,0,,0.46521533475828813,0.5347846652417119,424,"{'classifier': {'algorithm': 'brute', 'n_neighbors': 22, 'name': 'KNN', 'p': 18, 'random_state': 39, 'weights': 'distance'}, 'sub': {'cv': 4, 'estimator': None, 'random_state': 39, 'smo_grp': 'UNDER', 'type': 'InstanceHardnessThreshold'}}"
425,0.8681778526392833,1278.259470462799,UNDER,CondensedNearestNeighbour,0,,0.41260970710429434,0.5873902928957057,425,"{'classifier': {'criterion': 'gini', 'max_depth': 18, 'max_features': 'log2', 'min_samples_leaf': 4, 'min_samples_split': 14, 'name': 'DTC', 'random_state': 39}, 'sub': {'n_neighbors': 6, 'n_seeds_S': 2, 'random_state': 39, 'smo_grp': 'UNDER', 'type': 'CondensedNearestNeighbour'}}"
426,0.8687061420951885,1278.4748165607452,COMBINE,SMOTETomek,0,,0.13129385790481152,0.8687061420951885,426,"{'classifier': {'C': 49.918260995838, 'l1_ratio': 0.7919194951035666, 'name': 'LR', 'penalty_solver': 'l2+lbfgs', 'random_state': 39, 'tol': 0.008002570661419234}, 'sub': {'random_state': 39, 'smo_grp': 'COMBINE', 'type': 'SMOTETomek'}}"
427,0.8687061420951885,1278.8163812160492,UNDER,NeighbourhoodCleaningRule,0,,0.5106572713643495,0.48934272863565054,427,"{'classifier': {'C': 8.574929401348019, 'coef0': -0.6074709498310942, 'degree': 3, 'gamma': 'auto', 'gamma_value': 5.077700380063702, 'kernel': 'poly', 'name': 'SVM', 'probability': False, 'random_state': 39, 'shrinking': False, 'tol': 0.05187824047026576}, 'sub': {'n_neighbors': 9, 'smo_grp': 'UNDER', 'threshold_cleaning': 0.40607236970731564, 'type': 'NeighbourhoodCleaningRule'}}"
428,0.8687061420951885,1278.9994015693665,UNDER,NearMiss,0,,0.26167427579491465,0.7383257242050854,428,"{'classifier': {'C': 132.86532501550488, 'coef0': 0.3040515351651769, 'degree': 4, 'gamma': 'scale', 'gamma_value': 3.685983178779961, 'kernel': 'linear', 'name': 'SVM', 'probability': False, 'random_state': 39, 'shrinking': False, 'tol': 0.028019408999591617}, 'sub': {'n_neighbors': 7, 'n_neighbors_ver3': 12, 'smo_grp': 'UNDER', 'type': 'NearMiss', 'version': 1}}"
429,0.8687061420951885,1279.1330206394196,OVER,KMeansSMOTE,1,No clusters found with sufficient samples of class 1. Try lowering the cluster_balance_threshold or increasing the number of clusters.,1.0,0.0,429,"{'classifier': {'algorithm': 'auto', 'n_neighbors': 42, 'name': 'KNN', 'p': 6, 'random_state': 39, 'weights': 'uniform'}, 'sub': {'cluster_balance_threshold': 0.3028674937231336, 'k_neighbors': 1, 'random_state': 39, 'smo_grp': 'OVER', 'type': 'KMeansSMOTE'}}"
430,0.8687061420951885,1279.9060535430908,UNDER,InstanceHardnessThreshold,0,,1.0,0.0,430,"{'classifier': {'algorithm': 'ball_tree', 'n_neighbors': 18, 'name': 'KNN', 'p': 18, 'random_state': 39, 'weights': 'uniform'}, 'sub': {'cv': 3, 'estimator': 'decision-tree', 'random_state': 39, 'smo_grp': 'UNDER', 'type': 'InstanceHardnessThreshold'}}"
431,0.8687061420951885,1288.6072330474854,UNDER,CondensedNearestNeighbour,0,,0.4875559892169008,0.5124440107830992,431,"{'classifier': {'C': 99.32702518604533, 'coef0': -0.23360414097147952, 'degree': 3, 'gamma': 'value', 'gamma_value': 1.1427857119207352, 'kernel': 'sigmoid', 'name': 'SVM', 'probability': True, 'random_state': 39, 'shrinking': False, 'tol': 0.0768409332209805}, 'sub': {'n_neighbors': 8, 'n_seeds_S': 27, 'random_state': 39, 'smo_grp': 'UNDER', 'type': 'CondensedNearestNeighbour'}}"
432,0.8687061420951885,1298.930388212204,OVER,SMOTENC,0,,0.3947516174938973,0.6052483825061027,432,"{'classifier': {'bootstrap': False, 'class_weight': None, 'criterion': 'entropy', 'max_features': None, 'min_samples_leaf': 7, 'min_samples_split': 5, 'n_estimators': 138, 'name': 'RF', 'random_state': 39}, 'sub': {'categorical_features': True, 'k_neighbors': 1, 'random_state': 39, 'smo_grp': 'OVER', 'type': 'SMOTENC'}}"
433,0.8687061420951885,1299.143253326416,UNDER,RandomUnderSampler,0,,0.1470447332789805,0.8529552667210195,433,"{'classifier': {'C': 52.06701835295006, 'l1_ratio': 0.4340067127511004, 'name': 'LR', 'penalty_solver': 'none+lbfgs', 'random_state': 39, 'tol': 0.05461810989897272}, 'sub': {'random_state': 39, 'replacement': False, 'smo_grp': 'UNDER', 'type': 'RandomUnderSampler'}}"
434,0.8687061420951885,1299.8218343257904,UNDER,AllKNN,0,,0.18645699669535765,0.8135430033046424,434,"{'classifier': {'C': 24.883648801822357, 'l1_ratio': 0.024882338822311844, 'name': 'LR', 'penalty_solver': 'l2+newton-cg', 'random_state': 39, 'tol': 0.06216739963323856}, 'sub': {'allow_minority': False, 'kind_sel': 'all', 'n_neighbors': 14, 'smo_grp': 'UNDER', 'type': 'AllKNN'}}"
435,0.8687061420951885,1302.9346623420715,OVER,BorderlineSMOTE,0,,0.3460805231332409,0.6539194768667591,435,"{'classifier': {'bootstrap': True, 'class_weight': 'balanced', 'criterion': 'entropy', 'max_features': None, 'min_samples_leaf': 10, 'min_samples_split': 10, 'n_estimators': 63, 'name': 'RF', 'random_state': 39}, 'sub': {'k_neighbors': 7, 'kind': 'borderline-2', 'm_neighbors': 9, 'random_state': 39, 'smo_grp': 'OVER', 'type': 'BorderlineSMOTE'}}"
436,0.8687061420951885,1303.7540128231049,UNDER,ClusterCentroids,0,,0.16768304493894848,0.8323169550610515,436,"{'classifier': {'C': 11.69547834356305, 'coef0': 0.19555969921100513, 'degree': 2, 'gamma': 'scale', 'gamma_value': 0.8717226671120625, 'kernel': 'linear', 'name': 'SVM', 'probability': False, 'random_state': 39, 'shrinking': True, 'tol': 0.03635778439167239}, 'sub': {'estimator': 'MiniBatchKMeans', 'random_state': 39, 'smo_grp': 'UNDER', 'type': 'ClusterCentroids', 'voting': 'soft'}}"
437,0.8687061420951885,1310.1043229103088,UNDER,InstanceHardnessThreshold,0,,0.3816420224574617,0.6183579775425383,437,"{'classifier': {'algorithm': 'auto', 'n_neighbors': 23, 'name': 'KNN', 'p': 6, 'random_state': 39, 'weights': 'distance'}, 'sub': {'cv': 4, 'estimator': 'adaboost', 'random_state': 39, 'smo_grp': 'UNDER', 'type': 'InstanceHardnessThreshold'}}"
438,0.8687061420951885,1310.215318441391,UNDER,NearMiss,0,,0.3306698405923475,0.6693301594076525,438,"{'classifier': {'algorithm': 'ball_tree', 'n_neighbors': 17, 'name': 'KNN', 'p': 2, 'random_state': 39, 'weights': 'distance'}, 'sub': {'n_neighbors': 1, 'n_neighbors_ver3': 1, 'smo_grp': 'UNDER', 'type': 'NearMiss', 'version': 1}}"
439,0.8687061420951885,1322.2176661491394,UNDER,CondensedNearestNeighbour,0,,0.34741402044294567,0.6525859795570543,439,"{'classifier': {'bootstrap': False, 'class_weight': 'balanced_subsample', 'criterion': 'entropy', 'max_features': 'sqrt', 'min_samples_leaf': 12, 'min_samples_split': 15, 'n_estimators': 139, 'name': 'RF', 'random_state': 39}, 'sub': {'n_neighbors': 17, 'n_seeds_S': 15, 'random_state': 39, 'smo_grp': 'UNDER', 'type': 'CondensedNearestNeighbour'}}"
440,0.8687061420951885,1324.5085043907166,UNDER,ClusterCentroids,0,,0.34163160618386057,0.6583683938161394,440,"{'classifier': {'algorithm': 'auto', 'n_neighbors': 1, 'name': 'KNN', 'p': 17, 'random_state': 39, 'weights': 'uniform'}, 'sub': {'estimator': 'MiniBatchKMeans', 'random_state': 39, 'smo_grp': 'UNDER', 'type': 'ClusterCentroids', 'voting': 'hard'}}"
441,0.8687061420951885,1327.6868448257446,UNDER,ClusterCentroids,0,,0.2849865516034541,0.7150134483965459,441,"{'classifier': {'bootstrap': True, 'class_weight': 'balanced', 'criterion': 'gini', 'max_features': 1, 'min_samples_leaf': 8, 'min_samples_split': 11, 'n_estimators': 45, 'name': 'RF', 'random_state': 39}, 'sub': {'estimator': 'MiniBatchKMeans', 'random_state': 39, 'smo_grp': 'UNDER', 'type': 'ClusterCentroids', 'voting': 'soft'}}"
442,0.8687061420951885,1348.843988418579,UNDER,ClusterCentroids,0,,0.27615421172425036,0.7238457882757496,442,"{'classifier': {'bootstrap': True, 'class_weight': 'balanced', 'criterion': 'entropy', 'max_features': 1, 'min_samples_leaf': 1, 'min_samples_split': 14, 'n_estimators': 131, 'name': 'RF', 'random_state': 39}, 'sub': {'estimator': 'KMeans', 'random_state': 39, 'smo_grp': 'UNDER', 'type': 'ClusterCentroids', 'voting': 'soft'}}"
443,0.8687061420951885,1355.1478033065796,COMBINE,SMOTETomek,0,,0.1449827522084035,0.8550172477915965,443,"{'classifier': {'C': 44.2961530578357, 'coef0': 0.9448310667122928, 'degree': 2, 'gamma': 'value', 'gamma_value': 6.023327941324469, 'kernel': 'linear', 'name': 'SVM', 'probability': True, 'random_state': 39, 'shrinking': False, 'tol': 0.051698135912362685}, 'sub': {'random_state': 39, 'smo_grp': 'COMBINE', 'type': 'SMOTETomek'}}"
444,0.8687061420951885,1355.2286522388458,OVER,KMeansSMOTE,1,No clusters found with sufficient samples of class 1. Try lowering the cluster_balance_threshold or increasing the number of clusters.,1.0,0.0,444,"{'classifier': {'C': 124.45100028527543, 'coef0': -0.8448034329436453, 'degree': 2, 'gamma': 'scale', 'gamma_value': 2.78601303786873, 'kernel': 'poly', 'name': 'SVM', 'probability': True, 'random_state': 39, 'shrinking': False, 'tol': 0.0037021143741639137}, 'sub': {'cluster_balance_threshold': 0.35646198199478796, 'k_neighbors': 1, 'random_state': 39, 'smo_grp': 'OVER', 'type': 'KMeansSMOTE'}}"
445,0.8687061420951885,1355.3442556858063,OVER,KMeansSMOTE,1,No clusters found with sufficient samples of class 1. Try lowering the cluster_balance_threshold or increasing the number of clusters.,1.0,0.0,445,"{'classifier': {'C': 1.8982119313885093, 'coef0': 0.5712153546722254, 'degree': 3, 'gamma': 'auto', 'gamma_value': 6.573625187206937, 'kernel': 'poly', 'name': 'SVM', 'probability': False, 'random_state': 39, 'shrinking': True, 'tol': 0.07398227265014279}, 'sub': {'cluster_balance_threshold': 0.38425620690221785, 'k_neighbors': 2, 'random_state': 39, 'smo_grp': 'OVER', 'type': 'KMeansSMOTE'}}"
446,0.8687061420951885,1366.8691818714142,UNDER,InstanceHardnessThreshold,0,,0.2500481163680771,0.7499518836319229,446,"{'classifier': {'C': 84.24210015227868, 'l1_ratio': 0.47054248431411755, 'name': 'LR', 'penalty_solver': 'l2+sag', 'random_state': 39, 'tol': 0.06401417192905216}, 'sub': {'cv': 4, 'estimator': None, 'random_state': 39, 'smo_grp': 'UNDER', 'type': 'InstanceHardnessThreshold'}}"
447,0.8687061420951885,1366.937219619751,UNDER,TomekLinks,0,,0.6073325039125811,0.3926674960874189,447,"{'classifier': {'criterion': 'entropy', 'max_depth': 16, 'max_features': 'log2', 'min_samples_leaf': 10, 'min_samples_split': 3, 'name': 'DTC', 'random_state': 39}, 'sub': {'smo_grp': 'UNDER', 'type': 'TomekLinks'}}"
448,0.8687061420951885,1367.0978908538818,COMBINE,SMOTEENN,0,,0.28015217685478977,0.7198478231452102,448,"{'classifier': {'algorithm': 'brute', 'n_neighbors': 46, 'name': 'KNN', 'p': 0, 'random_state': 39, 'weights': 'distance'}, 'sub': {'random_state': 39, 'smo_grp': 'COMBINE', 'type': 'SMOTEENN'}}"
449,0.8687061420951885,1367.4355862140656,COMBINE,SMOTEENN,0,,0.1528956256513343,0.8471043743486657,449,"{'classifier': {'C': 93.84795461032634, 'l1_ratio': 0.35350389066175397, 'name': 'LR', 'penalty_solver': 'l1+liblinear', 'random_state': 39, 'tol': 0.013677904009630794}, 'sub': {'random_state': 39, 'smo_grp': 'COMBINE', 'type': 'SMOTEENN'}}"
450,0.8687061420951885,1367.593902349472,UNDER,EditedNearestNeighbours,0,,0.5976486675769284,0.40235133242307164,450,"{'classifier': {'C': 104.58541811878125, 'coef0': 0.49172404130014313, 'degree': 3, 'gamma': 'scale', 'gamma_value': 3.623092561253559, 'kernel': 'sigmoid', 'name': 'SVM', 'probability': True, 'random_state': 39, 'shrinking': False, 'tol': 0.05150164627687253}, 'sub': {'kind_sel': 'all', 'n_neighbors': 16, 'smo_grp': 'UNDER', 'type': 'EditedNearestNeighbours'}}"
451,0.8687061420951885,1367.9291379451752,UNDER,NeighbourhoodCleaningRule,0,,0.3458613095894796,0.6541386904105204,451,"{'classifier': {'criterion': 'entropy', 'max_depth': 17, 'max_features': 'log2', 'min_samples_leaf': 14, 'min_samples_split': 14, 'name': 'DTC', 'random_state': 39}, 'sub': {'n_neighbors': 19, 'smo_grp': 'UNDER', 'threshold_cleaning': 0.7383962182911569, 'type': 'NeighbourhoodCleaningRule'}}"
452,0.8687061420951885,1368.1433775424957,OVER,KMeansSMOTE,1,No clusters found with sufficient samples of class 1. Try lowering the cluster_balance_threshold or increasing the number of clusters.,1.0,0.0,452,"{'classifier': {'algorithm': 'ball_tree', 'n_neighbors': 48, 'name': 'KNN', 'p': 12, 'random_state': 39, 'weights': 'uniform'}, 'sub': {'cluster_balance_threshold': 0.1277244990285832, 'k_neighbors': 9, 'random_state': 39, 'smo_grp': 'OVER', 'type': 'KMeansSMOTE'}}"
453,0.8687061420951885,1368.2609169483185,UNDER,NearMiss,0,,0.6335583425119682,0.36644165748803176,453,"{'classifier': {'C': 117.10382126563549, 'coef0': -0.01066286973080488, 'degree': 3, 'gamma': 'scale', 'gamma_value': 5.953714418684965, 'kernel': 'sigmoid', 'name': 'SVM', 'probability': True, 'random_state': 39, 'shrinking': False, 'tol': 0.06286233643160202}, 'sub': {'n_neighbors': 11, 'n_neighbors_ver3': 19, 'smo_grp': 'UNDER', 'type': 'NearMiss', 'version': 2}}"
454,0.8687061420951885,1368.468716621399,OVER,BorderlineSMOTE,0,,0.4275859864767365,0.5724140135232635,454,"{'classifier': {'criterion': 'gini', 'max_depth': 10, 'max_features': 1, 'min_samples_leaf': 9, 'min_samples_split': 12, 'name': 'DTC', 'random_state': 39}, 'sub': {'k_neighbors': 6, 'kind': 'borderline-1', 'm_neighbors': 6, 'random_state': 39, 'smo_grp': 'OVER', 'type': 'BorderlineSMOTE'}}"
455,0.8687061420951885,1371.3234276771545,UNDER,InstanceHardnessThreshold,0,,0.9292893218813453,0.07071067811865475,455,"{'classifier': {'bootstrap': True, 'class_weight': None, 'criterion': 'gini', 'max_features': 1, 'min_samples_leaf': 2, 'min_samples_split': 10, 'n_estimators': 93, 'name': 'RF', 'random_state': 39}, 'sub': {'cv': 6, 'estimator': 'decision-tree', 'random_state': 39, 'smo_grp': 'UNDER', 'type': 'InstanceHardnessThreshold'}}"
456,0.8687061420951885,1372.7540361881256,OVER,SMOTE,0,,0.21365856246258774,0.7863414375374123,456,"{'classifier': {'C': 169.1951087947292, 'coef0': 0.4048921480352139, 'degree': 2, 'gamma': 'auto', 'gamma_value': 6.740111752762098, 'kernel': 'linear', 'name': 'SVM', 'probability': False, 'random_state': 39, 'shrinking': True, 'tol': 0.016054892942985594}, 'sub': {'k_neighbors': 7, 'random_state': 39, 'smo_grp': 'OVER', 'type': 'SMOTE'}}"
457,0.8687061420951885,1380.499048948288,OVER,SMOTENC,0,,0.37227555505592214,0.6277244449440779,457,"{'classifier': {'bootstrap': False, 'class_weight': 'balanced_subsample', 'criterion': 'entropy', 'max_features': 'log2', 'min_samples_leaf': 13, 'min_samples_split': 7, 'n_estimators': 146, 'name': 'RF', 'random_state': 39}, 'sub': {'categorical_features': True, 'k_neighbors': 2, 'random_state': 39, 'smo_grp': 'OVER', 'type': 'SMOTENC'}}"
458,0.8687061420951885,1380.9633424282074,COMBINE,SMOTEENN,0,,0.33252615806894725,0.6674738419310527,458,"{'classifier': {'algorithm': 'auto', 'n_neighbors': 16, 'name': 'KNN', 'p': 15, 'random_state': 39, 'weights': 'uniform'}, 'sub': {'random_state': 39, 'smo_grp': 'COMBINE', 'type': 'SMOTEENN'}}"
459,0.8687061420951885,1381.031970500946,UNDER,RandomUnderSampler,0,,0.3286032850120769,0.6713967149879231,459,"{'classifier': {'criterion': 'gini', 'max_depth': 4, 'max_features': 'sqrt', 'min_samples_leaf': 11, 'min_samples_split': 7, 'name': 'DTC', 'random_state': 39}, 'sub': {'random_state': 39, 'replacement': True, 'smo_grp': 'UNDER', 'type': 'RandomUnderSampler'}}"
460,0.8687061420951885,1382.0404434204102,UNDER,NeighbourhoodCleaningRule,0,,0.6764419232580987,0.3235580767419013,460,"{'classifier': {'algorithm': 'kd_tree', 'n_neighbors': 22, 'name': 'KNN', 'p': 16, 'random_state': 39, 'weights': 'uniform'}, 'sub': {'n_neighbors': 9, 'smo_grp': 'UNDER', 'threshold_cleaning': 0.8208643476631041, 'type': 'NeighbourhoodCleaningRule'}}"
461,0.8687061420951885,1383.370139837265,UNDER,ClusterCentroids,0,,0.42235195026034833,0.5776480497396517,461,"{'classifier': {'criterion': 'entropy', 'max_depth': 2, 'max_features': None, 'min_samples_leaf': 10, 'min_samples_split': 8, 'name': 'DTC', 'random_state': 39}, 'sub': {'estimator': 'MiniBatchKMeans', 'random_state': 39, 'smo_grp': 'UNDER', 'type': 'ClusterCentroids', 'voting': 'hard'}}"
462,0.8687061420951885,1383.516196489334,OVER,SMOTE,0,,0.13278421119652362,0.8672157888034764,462,"{'classifier': {'C': 72.54206712389933, 'l1_ratio': 0.1357269711976336, 'name': 'LR', 'penalty_solver': 'l2+newton-cg', 'random_state': 39, 'tol': 0.06683151064034182}, 'sub': {'k_neighbors': 5, 'random_state': 39, 'smo_grp': 'OVER', 'type': 'SMOTE'}}"
463,0.8687061420951885,1384.5532486438751,UNDER,NearMiss,0,,0.5281716589845642,0.4718283410154358,463,"{'classifier': {'bootstrap': False, 'class_weight': None, 'criterion': 'entropy', 'max_features': 'log2', 'min_samples_leaf': 18, 'min_samples_split': 6, 'n_estimators': 94, 'name': 'RF', 'random_state': 39}, 'sub': {'n_neighbors': 7, 'n_neighbors_ver3': 5, 'smo_grp': 'UNDER', 'type': 'NearMiss', 'version': 2}}"
464,0.8687061420951885,1387.7470247745514,UNDER,RandomUnderSampler,0,,0.29627160267043084,0.7037283973295692,464,"{'classifier': {'bootstrap': True, 'class_weight': 'balanced_subsample', 'criterion': 'gini', 'max_features': 'log2', 'min_samples_leaf': 1, 'min_samples_split': 15, 'n_estimators': 134, 'name': 'RF', 'random_state': 39}, 'sub': {'random_state': 39, 'replacement': False, 'smo_grp': 'UNDER', 'type': 'RandomUnderSampler'}}"
465,0.8687061420951885,1387.7721493244171,UNDER,CondensedNearestNeighbour,1,"Expected n_neighbors <= n_samples,  but n_samples = 39, n_neighbors = 40",1.0,0.0,465,"{'classifier': {'C': 178.49372785390554, 'coef0': -0.32942517721373554, 'degree': 4, 'gamma': 'scale', 'gamma_value': 4.2918840989532345, 'kernel': 'linear', 'name': 'SVM', 'probability': False, 'random_state': 39, 'shrinking': False, 'tol': 0.016256338384437657}, 'sub': {'n_neighbors': 40, 'n_seeds_S': 6, 'random_state': 39, 'smo_grp': 'UNDER', 'type': 'CondensedNearestNeighbour'}}"
466,0.8687061420951885,1388.2701032161713,UNDER,NeighbourhoodCleaningRule,0,,0.46169786412759417,0.5383021358724058,466,"{'classifier': {'criterion': 'entropy', 'max_depth': 17, 'max_features': None, 'min_samples_leaf': 14, 'min_samples_split': 17, 'name': 'DTC', 'random_state': 39}, 'sub': {'n_neighbors': 11, 'smo_grp': 'UNDER', 'threshold_cleaning': 0.02487723359397842, 'type': 'NeighbourhoodCleaningRule'}}"
467,0.8687061420951885,1388.3171908855438,UNDER,RandomUnderSampler,0,,0.22978384265143492,0.7702161573485651,467,"{'classifier': {'C': 76.03353115610213, 'l1_ratio': 0.6660395475539181, 'name': 'LR', 'penalty_solver': 'none+saga', 'random_state': 39, 'tol': 0.08955791480033264}, 'sub': {'random_state': 39, 'replacement': True, 'smo_grp': 'UNDER', 'type': 'RandomUnderSampler'}}"
468,0.8687061420951885,1388.44877576828,OVER,KMeansSMOTE,1,No clusters found with sufficient samples of class 1. Try lowering the cluster_balance_threshold or increasing the number of clusters.,1.0,0.0,468,"{'classifier': {'C': 102.50580678984157, 'coef0': -0.9469138840315316, 'degree': 4, 'gamma': 'scale', 'gamma_value': 2.8663267473286798, 'kernel': 'linear', 'name': 'SVM', 'probability': True, 'random_state': 39, 'shrinking': True, 'tol': 0.009807977021652559}, 'sub': {'cluster_balance_threshold': 0.9919002809719502, 'k_neighbors': 5, 'random_state': 39, 'smo_grp': 'OVER', 'type': 'KMeansSMOTE'}}"
469,0.8687061420951885,1389.64373421669,OVER,SMOTE,0,,0.321971105471776,0.678028894528224,469,"{'classifier': {'algorithm': 'ball_tree', 'n_neighbors': 33, 'name': 'KNN', 'p': 5, 'random_state': 39, 'weights': 'distance'}, 'sub': {'k_neighbors': 3, 'random_state': 39, 'smo_grp': 'OVER', 'type': 'SMOTE'}}"
470,0.8687061420951885,1390.0120360851288,COMBINE,SMOTETomek,0,,0.30343797995524513,0.6965620200447549,470,"{'classifier': {'criterion': 'entropy', 'max_depth': 11, 'max_features': 'sqrt', 'min_samples_leaf': 2, 'min_samples_split': 9, 'name': 'DTC', 'random_state': 39}, 'sub': {'random_state': 39, 'smo_grp': 'COMBINE', 'type': 'SMOTETomek'}}"
471,0.8687061420951885,1390.2707724571228,OVER,SVMSMOTE,0,,0.7015698504750454,0.2984301495249546,471,"{'classifier': {'criterion': 'entropy', 'max_depth': 15, 'max_features': 1, 'min_samples_leaf': 12, 'min_samples_split': 18, 'name': 'DTC', 'random_state': 39}, 'sub': {'k_neighbors': 4, 'm_neighbors': 1, 'out_step': 0.9668630534739756, 'random_state': 39, 'smo_grp': 'OVER', 'type': 'SVMSMOTE'}}"
472,0.8687061420951885,1390.9123466014862,OVER,BorderlineSMOTE,0,,0.44938222582190535,0.5506177741780947,472,"{'classifier': {'C': 19.12253190115864, 'coef0': 0.5493674028058704, 'degree': 2, 'gamma': 'scale', 'gamma_value': 7.222664235877157, 'kernel': 'rbf', 'name': 'SVM', 'probability': True, 'random_state': 39, 'shrinking': True, 'tol': 0.060135802268028726}, 'sub': {'k_neighbors': 7, 'kind': 'borderline-1', 'm_neighbors': 1, 'random_state': 39, 'smo_grp': 'OVER', 'type': 'BorderlineSMOTE'}}"
473,0.8687061420951885,1392.4781749248505,OVER,BorderlineSMOTE,0,,0.41289434384119983,0.5871056561588002,473,"{'classifier': {'C': 74.3000046359447, 'coef0': 0.8079358976482063, 'degree': 3, 'gamma': 'scale', 'gamma_value': 3.732937787111175, 'kernel': 'sigmoid', 'name': 'SVM', 'probability': True, 'random_state': 39, 'shrinking': False, 'tol': 0.046703513755459454}, 'sub': {'k_neighbors': 2, 'kind': 'borderline-1', 'm_neighbors': 5, 'random_state': 39, 'smo_grp': 'OVER', 'type': 'BorderlineSMOTE'}}"
474,0.8687061420951885,1392.8562059402466,UNDER,EditedNearestNeighbours,0,,0.4654599285728145,0.5345400714271855,474,"{'classifier': {'C': 91.63076006716965, 'coef0': -0.980635635110189, 'degree': 3, 'gamma': 'scale', 'gamma_value': 1.5465528103277373, 'kernel': 'rbf', 'name': 'SVM', 'probability': False, 'random_state': 39, 'shrinking': True, 'tol': 0.03118438170973255}, 'sub': {'kind_sel': 'mode', 'n_neighbors': 6, 'smo_grp': 'UNDER', 'type': 'EditedNearestNeighbours'}}"
475,0.8687061420951885,1395.680233001709,OVER,SMOTE,0,,0.37275234238924326,0.6272476576107567,475,"{'classifier': {'C': 95.5629758561852, 'coef0': 0.40243963785348447, 'degree': 4, 'gamma': 'auto', 'gamma_value': 2.891725479883308, 'kernel': 'rbf', 'name': 'SVM', 'probability': True, 'random_state': 39, 'shrinking': False, 'tol': 0.0031783573038360246}, 'sub': {'k_neighbors': 2, 'random_state': 39, 'smo_grp': 'OVER', 'type': 'SMOTE'}}"
476,0.8687061420951885,1395.7362656593323,OVER,SMOTE,0,,0.39373963697958014,0.6062603630204199,476,"{'classifier': {'criterion': 'entropy', 'max_depth': 5, 'max_features': 'sqrt', 'min_samples_leaf': 10, 'min_samples_split': 4, 'name': 'DTC', 'random_state': 39}, 'sub': {'k_neighbors': 5, 'random_state': 39, 'smo_grp': 'OVER', 'type': 'SMOTE'}}"
477,0.8687061420951885,1395.899534702301,COMBINE,SMOTETomek,0,,0.13203742854413802,0.867962571455862,477,"{'classifier': {'C': 59.791088744683705, 'l1_ratio': 0.5423109010213564, 'name': 'LR', 'penalty_solver': 'l2+liblinear', 'random_state': 39, 'tol': 0.007929244684054714}, 'sub': {'random_state': 39, 'smo_grp': 'COMBINE', 'type': 'SMOTETomek'}}"
478,0.8687061420951885,1396.5607340335846,OVER,SMOTENC,0,,0.5316775590117219,0.46832244098827813,478,"{'classifier': {'criterion': 'gini', 'max_depth': 19, 'max_features': 'log2', 'min_samples_leaf': 6, 'min_samples_split': 12, 'name': 'DTC', 'random_state': 39}, 'sub': {'categorical_features': True, 'k_neighbors': 2, 'random_state': 39, 'smo_grp': 'OVER', 'type': 'SMOTENC'}}"
479,0.8687061420951885,1397.421481847763,UNDER,NeighbourhoodCleaningRule,0,,0.29330985088569295,0.706690149114307,479,"{'classifier': {'bootstrap': False, 'class_weight': 'balanced', 'criterion': 'entropy', 'max_features': 'log2', 'min_samples_leaf': 16, 'min_samples_split': 6, 'n_estimators': 5, 'name': 'RF', 'random_state': 39}, 'sub': {'n_neighbors': 17, 'smo_grp': 'UNDER', 'threshold_cleaning': 0.6870507081062278, 'type': 'NeighbourhoodCleaningRule'}}"
480,0.8687061420951885,1397.7263169288635,OVER,SVMSMOTE,0,,0.28420324132334085,0.7157967586766592,480,"{'classifier': {'C': 83.1369649120642, 'l1_ratio': 0.2320427350983633, 'name': 'LR', 'penalty_solver': 'none+saga', 'random_state': 39, 'tol': 0.030530863292642648}, 'sub': {'k_neighbors': 6, 'm_neighbors': 5, 'out_step': 0.9524328049233186, 'random_state': 39, 'smo_grp': 'OVER', 'type': 'SVMSMOTE'}}"
481,0.8687061420951885,1413.7923338413239,OVER,SMOTE,0,,0.34947833705739517,0.6505216629426048,481,"{'classifier': {'bootstrap': False, 'class_weight': 'balanced_subsample', 'criterion': 'entropy', 'max_features': None, 'min_samples_leaf': 4, 'min_samples_split': 11, 'n_estimators': 115, 'name': 'RF', 'random_state': 39}, 'sub': {'k_neighbors': 5, 'random_state': 39, 'smo_grp': 'OVER', 'type': 'SMOTE'}}"
482,0.8687061420951885,1413.9925813674927,UNDER,TomekLinks,0,,1.0,0.0,482,"{'classifier': {'algorithm': 'kd_tree', 'n_neighbors': 17, 'name': 'KNN', 'p': 0, 'random_state': 39, 'weights': 'uniform'}, 'sub': {'smo_grp': 'UNDER', 'type': 'TomekLinks'}}"
483,0.8687061420951885,1414.2849261760712,OVER,SMOTENC,0,,0.202828089894861,0.797171910105139,483,"{'classifier': {'C': 12.541875979476359, 'l1_ratio': 0.5661304810591932, 'name': 'LR', 'penalty_solver': 'l2+sag', 'random_state': 39, 'tol': 0.09783461115921417}, 'sub': {'categorical_features': True, 'k_neighbors': 3, 'random_state': 39, 'smo_grp': 'OVER', 'type': 'SMOTENC'}}"
484,0.8687061420951885,1416.905565738678,UNDER,InstanceHardnessThreshold,0,,0.4330512815249523,0.5669487184750477,484,"{'classifier': {'bootstrap': False, 'class_weight': 'balanced', 'criterion': 'gini', 'max_features': 'sqrt', 'min_samples_leaf': 3, 'min_samples_split': 12, 'n_estimators': 65, 'name': 'RF', 'random_state': 39}, 'sub': {'cv': 3, 'estimator': 'linear-svm', 'random_state': 39, 'smo_grp': 'UNDER', 'type': 'InstanceHardnessThreshold'}}"
485,0.8687061420951885,1417.5243294239044,OVER,BorderlineSMOTE,0,,0.31678665182470855,0.6832133481752914,485,"{'classifier': {'algorithm': 'kd_tree', 'n_neighbors': 25, 'name': 'KNN', 'p': 12, 'random_state': 39, 'weights': 'uniform'}, 'sub': {'k_neighbors': 2, 'kind': 'borderline-1', 'm_neighbors': 3, 'random_state': 39, 'smo_grp': 'OVER', 'type': 'BorderlineSMOTE'}}"
486,0.8687061420951885,1419.2695248126984,UNDER,ClusterCentroids,0,,0.2293578211655667,0.7706421788344333,486,"{'classifier': {'C': 93.68900526572875, 'l1_ratio': 0.1488339402601945, 'name': 'LR', 'penalty_solver': 'l2+sag', 'random_state': 39, 'tol': 0.037219456586244946}, 'sub': {'estimator': 'MiniBatchKMeans', 'random_state': 39, 'smo_grp': 'UNDER', 'type': 'ClusterCentroids', 'voting': 'soft'}}"
487,0.8687061420951885,1423.0654237270355,UNDER,NeighbourhoodCleaningRule,0,,0.3297065686616364,0.6702934313383636,487,"{'classifier': {'bootstrap': False, 'class_weight': None, 'criterion': 'entropy', 'max_features': None, 'min_samples_leaf': 15, 'min_samples_split': 10, 'n_estimators': 103, 'name': 'RF', 'random_state': 39}, 'sub': {'n_neighbors': 18, 'smo_grp': 'UNDER', 'threshold_cleaning': 0.8617559314688029, 'type': 'NeighbourhoodCleaningRule'}}"
488,0.8687061420951885,1423.9875464439392,UNDER,TomekLinks,0,,0.30476051761067136,0.6952394823893286,488,"{'classifier': {'C': 191.52599035028518, 'coef0': 0.7144163628182485, 'degree': 4, 'gamma': 'value', 'gamma_value': 7.9396779016799846, 'kernel': 'linear', 'name': 'SVM', 'probability': False, 'random_state': 39, 'shrinking': False, 'tol': 0.010611251840952476}, 'sub': {'smo_grp': 'UNDER', 'type': 'TomekLinks'}}"
489,0.8687061420951885,1426.077115058899,UNDER,NearMiss,0,,0.46540425771589455,0.5345957422841054,489,"{'classifier': {'bootstrap': True, 'class_weight': 'balanced_subsample', 'criterion': 'gini', 'max_features': 1, 'min_samples_leaf': 14, 'min_samples_split': 17, 'n_estimators': 98, 'name': 'RF', 'random_state': 39}, 'sub': {'n_neighbors': 12, 'n_neighbors_ver3': 6, 'smo_grp': 'UNDER', 'type': 'NearMiss', 'version': 2}}"
490,0.8687061420951885,1427.0505616664886,UNDER,RandomUnderSampler,0,,0.36392454803392016,0.6360754519660798,490,"{'classifier': {'bootstrap': True, 'class_weight': 'balanced', 'criterion': 'entropy', 'max_features': 'log2', 'min_samples_leaf': 9, 'min_samples_split': 16, 'n_estimators': 69, 'name': 'RF', 'random_state': 39}, 'sub': {'random_state': 39, 'replacement': False, 'smo_grp': 'UNDER', 'type': 'RandomUnderSampler'}}"
491,0.8687061420951885,1428.8916881084442,UNDER,NearMiss,0,,0.29940002394362275,0.7005999760563772,491,"{'classifier': {'bootstrap': False, 'class_weight': 'balanced_subsample', 'criterion': 'gini', 'max_features': 'sqrt', 'min_samples_leaf': 17, 'min_samples_split': 14, 'n_estimators': 140, 'name': 'RF', 'random_state': 39}, 'sub': {'n_neighbors': 3, 'n_neighbors_ver3': 13, 'smo_grp': 'UNDER', 'type': 'NearMiss', 'version': 1}}"
492,0.8687061420951885,1429.0178110599518,COMBINE,SMOTEENN,0,,0.20181470285462455,0.7981852971453754,492,"{'classifier': {'C': 99.4225026636818, 'l1_ratio': 0.5309165233012556, 'name': 'LR', 'penalty_solver': 'none+saga', 'random_state': 39, 'tol': 0.09258267375097592}, 'sub': {'random_state': 39, 'smo_grp': 'COMBINE', 'type': 'SMOTEENN'}}"
493,0.8687061420951885,1431.2618498802185,UNDER,AllKNN,0,,1.0,0.0,493,"{'classifier': {'algorithm': 'kd_tree', 'n_neighbors': 41, 'name': 'KNN', 'p': 7, 'random_state': 39, 'weights': 'distance'}, 'sub': {'allow_minority': False, 'kind_sel': 'mode', 'n_neighbors': 4, 'smo_grp': 'UNDER', 'type': 'AllKNN'}}"
494,0.8687061420951885,1434.8663756847382,UNDER,InstanceHardnessThreshold,0,,0.3157439288361469,0.6842560711638531,494,"{'classifier': {'algorithm': 'kd_tree', 'n_neighbors': 20, 'name': 'KNN', 'p': 11, 'random_state': 39, 'weights': 'distance'}, 'sub': {'cv': 8, 'estimator': 'linear-svm', 'random_state': 39, 'smo_grp': 'UNDER', 'type': 'InstanceHardnessThreshold'}}"
495,0.8687061420951885,1435.1593375205994,COMBINE,SMOTEENN,0,,0.3329373271222791,0.6670626728777209,495,"{'classifier': {'criterion': 'entropy', 'max_depth': 14, 'max_features': 'log2', 'min_samples_leaf': 13, 'min_samples_split': 19, 'name': 'DTC', 'random_state': 39}, 'sub': {'random_state': 39, 'smo_grp': 'COMBINE', 'type': 'SMOTEENN'}}"
496,0.8687061420951885,1435.986746788025,OVER,SMOTENC,0,,0.2816458780194151,0.7183541219805849,496,"{'classifier': {'bootstrap': True, 'class_weight': None, 'criterion': 'entropy', 'max_features': 'sqrt', 'min_samples_leaf': 14, 'min_samples_split': 19, 'n_estimators': 17, 'name': 'RF', 'random_state': 39}, 'sub': {'categorical_features': True, 'k_neighbors': 9, 'random_state': 39, 'smo_grp': 'OVER', 'type': 'SMOTENC'}}"
497,0.8687061420951885,1436.3484225273132,UNDER,AllKNN,0,,0.520641033088577,0.479358966911423,497,"{'classifier': {'criterion': 'entropy', 'max_depth': 4, 'max_features': 'log2', 'min_samples_leaf': 3, 'min_samples_split': 14, 'name': 'DTC', 'random_state': 39}, 'sub': {'allow_minority': False, 'kind_sel': 'all', 'n_neighbors': 6, 'smo_grp': 'UNDER', 'type': 'AllKNN'}}"
498,0.8687061420951885,1436.8403055667877,OVER,ADASYN,0,,0.42424467695706514,0.5757553230429349,498,"{'classifier': {'algorithm': 'kd_tree', 'n_neighbors': 6, 'name': 'KNN', 'p': 6, 'random_state': 39, 'weights': 'uniform'}, 'sub': {'n_neighbors': 1, 'random_state': 39, 'smo_grp': 'OVER', 'type': 'ADASYN'}}"
499,0.8687061420951885,1437.113433599472,UNDER,RepeatedEditedNearestNeighbours,0,,1.0,0.0,499,"{'classifier': {'criterion': 'entropy', 'max_depth': 13, 'max_features': 'sqrt', 'min_samples_leaf': 14, 'min_samples_split': 6, 'name': 'DTC', 'random_state': 39}, 'sub': {'kind_sel': 'all', 'n_neighbors': 2, 'smo_grp': 'UNDER', 'type': 'RepeatedEditedNearestNeighbours'}}"
